6.093338465767064033e-02 9.039792665901311142e-02 8.699999999999999400e-02 5.569688038774656125e-01 -2.120475704209221490e+00 -2.260086906536372675e-01 9.136554264711815865e-01 0.000000000000000000e+00 3.753787866264881451e-02 -5.909266775181155895e-02 8.699999999999999400e-02 -5.263055633214339668e-01 1.109516329798688972e+00 -1.897179315514017084e-01 -6.350092895721287656e-01 1.424841604440756804e+00
-4.782855162254662229e-02 9.373816093529084570e-02 8.699999999999999400e-02 6.787212920590203202e-01 -2.042042069806194959e+00 -3.393685426436876540e-01 1.046999999999999931e+00 -3.335738243148353988e-01 6.044030556448849040e-02 -6.115762261989370757e-02 8.699999999999999400e-02 -4.642403760290832460e-01 1.122070145190074975e+00 -1.778404844886380121e-01 -7.570090613229804033e-01 1.387887392387082031e+00
-1.425846632089399768e-01 9.152432242318964128e-02 8.699999999999999400e-02 7.975581324783792558e-01 -1.958675008897225567e+00 -6.178270933191065684e-01 1.046999999999999931e+00 -8.783292102503788001e-01 7.996994851848594765e-02 -5.747039148856877139e-02 8.699999999999999400e-02 -3.998893435270778896e-01 1.067812002948076433e+00 -1.630608510587081283e-01 -7.850000000000000311e-01 1.342985124601305813e+00
-1.739999999999999880e-01 8.582945757065101045e-02 8.699999999999999400e-02 8.424009698265798596e-01 -1.892869818662491710e+00 -7.020062552315133875e-01 1.046999999999999931e+00 -1.312674707950435504e+00 9.077938344480336597e-02 -5.066798421884883413e-02 8.699999999999999400e-02 -3.280713119718068338e-01 1.067943476610053288e+00 -1.562320217373474318e-01 -7.850000000000000311e-01 1.270075007857252913e+00
-1.739999999999999880e-01 7.943392402619250947e-02 8.699999999999999400e-02 8.787598555383858701e-01 -1.840069196246322036e+00 -6.213335608497710938e-01 1.046999999999999931e+00 -1.723995571926376869e+00 9.349552514165461459e-02 -4.785793914789595455e-02 8.699999999999999400e-02 -2.430891269256479081e-01 1.045522809234130435e+00 -1.545593359343485351e-01 -7.850000000000000311e-01 1.185118708988778913e+00
-1.739999999999999880e-01 6.944838604547511063e-02 8.699999999999999400e-02 9.467783222416773503e-01 -1.785788735373180280e+00 -4.876122024440887603e-01 1.046999999999999931e+00 -2.078369934765838423e+00 9.373568694047763883e-02 -4.523041550494262542e-02 8.699999999999999400e-02 -1.560482260167771196e-01 1.021133860117974912e+00 -1.595515893270998686e-01 -7.850000000000000311e-01 1.115173954526158084e+00
-1.739999999999999880e-01 5.628832822533779562e-02 8.699999999999999400e-02 1.046999999999999931e+00 -1.819561425347379746e+00 -3.465689377441463770e-01 1.046999999999999931e+00 -2.333458825213042154e+00 9.260906112620949371e-02 -4.775293378297922747e-02 8.699999999999999400e-02 -6.997540421451727000e-02 9.972681833823830999e-01 -1.800114511365582259e-01 -7.850000000000000311e-01 1.148868407406551384e+00
-1.739999999999999880e-01 3.781037120221076436e-02 8.699999999999999400e-02 1.046999999999999931e+00 -1.848943928910935952e+00 -2.754047955204282361e-01 6.866859084009815373e-01 -2.355999999999999872e+00 8.878743054869228657e-02 -5.884276648614827909e-02 8.699999999999999400e-02 3.240868878445774676e-02 9.487514588261820592e-01 -1.960814587685059118e-01 -7.492534174974841976e-01 1.215704694704674793e+00
-1.739999999999999880e-01 1.370472465069881747e-02 8.699999999999999400e-02 1.046999999999999931e+00 -1.805561640472785001e+00 -1.654821183863298961e-01 4.185895049098660170e-01 -2.355999999999999872e+00 8.389819255175080814e-02 -6.518013864122004786e-02 8.699999999999999400e-02 1.596166426307725206e-01 8.516153036724585235e-01 -2.096493263169142696e-01 -6.640562066817590203e-01 1.180119716995259083e+00
-1.649649516565296348e-01 -9.218224481321923847e-03 8.699999999999999400e-02 1.046999999999999931e+00 -1.717430464484617225e+00 -9.464839127962214327e-02 3.295917896791217827e-01 -2.308189594594944438e+00 7.780074552718228842e-02 -6.188018399045099038e-02 8.649890977558266636e-02 3.017056539140617333e-01 6.874303487714872318e-01 -2.145187959540453548e-01 -5.467321154704933850e-01 1.147712126618874784e+00
-1.349983279396725078e-01 -2.270613427295193471e-02 8.699999999999999400e-02 1.046999999999999931e+00 -1.582696696291668204e+00 -6.627508885670800598e-02 2.860289570709988460e-01 -2.154131912891552147e+00 7.162513390545729997e-02 -4.710002905715156979e-02 8.699999999999999400e-02 4.896032524407643582e-01 4.146151769393320308e-01 -2.069130162759008074e-01 -4.145727638431899176e-01 1.071502818857388739e+00
-9.182750286328698885e-02 -2.922586915462608778e-02 8.699999999999999400e-02 1.046999999999999931e+00 -1.419496847311925158e+00 -7.352601984199629015e-02 2.520317620669093595e-01 -2.017715526841049822e+00 6.403732905971533385e-02 -3.022765670691488979e-02 8.699999999999999400e-02 7.452658987607591046e-01 0.000000000000000000e+00 -1.970079981940505154e-01 -2.725858027363138869e-01 9.747071395490252144e-01
-1.756659165108593115e-02 -3.177483534674709759e-02 8.699999999999999400e-02 1.046999999999999931e+00 -1.251109644313881830e+00 -9.369756150577594755e-02 2.549823549537248435e-01 -1.834516425513974980e+00 5.176370881012716529e-02 -1.910701593428592790e-02 8.699999999999999400e-02 7.834159247053450459e-01 0.000000000000000000e+00 -1.851407138102660888e-01 -1.208953603991047288e-01 8.683425377492719477e-01
6.555847298038086635e-02 -3.323935317956032420e-02 8.699999999999999400e-02 1.046999999999999931e+00 -1.056308974833909176e+00 -9.069670798359981412e-02 2.978311693598451604e-01 -1.667460083800514248e+00 3.744628497407369305e-02 -8.398507200986973092e-03 8.699999999999999400e-02 7.850000000000000311e-01 0.000000000000000000e+00 -1.731947495880055976e-01 3.496350083587934643e-02 7.521504479399512277e-01
1.623426343139776074e-01 -2.807652134570343475e-02 8.699999999999999400e-02 9.852510956579069168e-01 -8.210631282792606456e-01 -1.488411573617629546e-01 3.123702746726447210e-01 -1.658181027008371444e+00 1.976798577661927417e-02 5.625218444364587199e-03 8.699999999999999400e-02 6.275013150003206919e-01 3.674014341495599467e-01 -1.595841525889688528e-01 1.794235696144473868e-01 6.518917669895030187e-01
1.739999999999999880e-01 -1.973061546221085635e-02 8.699999999999999400e-02 7.730487377777890412e-01 -2.613878761626295955e-01 -1.493604691392468042e-01 4.383405557056193613e-01 -1.639898787883803166e+00 -1.060749365647522830e-03 1.833012658616323121e-02 8.699999999999999400e-02 4.913901854813473857e-01 6.756328268284716998e-01 -1.485590735964130438e-01 2.873617178616250656e-01 6.118468424006220374e-01
1.739999999999999880e-01 -1.217087058287389355e-02 8.699999999999999400e-02 7.030474961081955021e-01 0.000000000000000000e+00 -1.180409275094541216e-01 5.864387614167819729e-01 -1.588386202908892209e+00 -2.124891720805156814e-02 2.980657075987394600e-02 8.699999999999999400e-02 3.903241343801234220e-01 9.105709309230451964e-01 -1.417222080020552610e-01 3.297031779249474104e-01 6.845598992219628087e-01
1.739999999999999880e-01 -8.010674204290357814e-03 8.699999999999999400e-02 7.409933628297121766e-01 0.000000000000000000e+00 -1.396759187317667961e-01 6.906413706439746836e-01 -1.498984714403365004e+00 -3.853869497050348841e-02 4.062127923484274566e-02 8.699999999999999400e-02 3.000480238463799632e-01 1.101369831906364283e+00 -1.450560905444353843e-01 3.409632342224378498e-01 8.062519548514970325e-01
1.739999999999999880e-01 -3.008652749382290277e-03 8.699999999999999400e-02 7.563582180397556698e-01 0.000000000000000000e+00 -1.289140461768619184e-01 7.930376492312423142e-01 -1.394510567272337909e+00 -5.082145843770969479e-02 4.867535741166055530e-02 8.699999999999999400e-02 2.046633961380425193e-01 1.267083074905999140e+00 -1.608047751993143815e-01 2.939494462428526300e-01 9.868119157566486166e-01
1.739999999999999880e-01 5.891785990911127535e-03 8.699999999999999400e-02 7.536986707132963259e-01 0.000000000000000000e+00 -1.238084613863244948e-01 8.570246445894068588e-01 -1.250217539552726187e+00 -5.824177506828894652e-02 5.648840901166764239e-02 8.699999999999999400e-02 1.098251409817297408e-01 1.395148942156340333e+00 -1.756232690839141797e-01 2.088486434343526932e-01 1.178790407469119117e+00
1.739999999999999880e-01 1.240106763771034633e-02 8.699999999999999400e-02 7.387582763634814587e-01 0.000000000000000000e+00 -1.162365879177769817e-01 8.841664178825426879e-01 -1.055937704530609977e+00 -5.975864677868861219e-02 6.263321947263986167e-02 8.699999999999999400e-02 8.888055098273985044e-03 1.489458328755391747e+00 -1.850636637015262709e-01 1.052953508980178088e-01 1.307737733146458581e+00
1.739999999999999880e-01 2.256376652514152301e-02 8.699999999999999400e-02 1.010030461923578260e+00 -6.622868807937614122e-01 -1.067239404190781366e-01 8.633352376350147406e-01 -7.978563749322109544e-01 -5.481945538537987689e-02 6.777363298653463208e-02 8.699999999999999400e-02 -9.901513749430923550e-02 1.555602811647139205e+00 -1.872685407372428057e-01 -1.629982084358508679e-02 1.364736043287535949e+00
1.739999999999999880e-01 2.991358591367077047e-02 8.699999999999999400e-02 1.046999999999999931e+00 -1.192491618132528686e+00 -9.472634163663345985e-02 7.476731388320227989e-01 -3.683872779797745523e-01 -4.403977452983585950e-02 7.097224321277806336e-02 8.699999999999999400e-02 -2.143580211639995736e-01 1.600951294116711665e+00 -1.879430535860172891e-01 -1.680903722351793361e-01 1.379678109130972885e+00
1.739999999999999880e-01 3.788984376649490171e-02 8.699999999999999400e-02 1.046999999999999931e+00 -1.581240945521634522e+00 -8.009963325784306976e-02 6.462813374700020486e-01 0.000000000000000000e+00 -3.043231890496726419e-02 7.363888856663963756e-02 8.699999999999999400e-02 -3.396811611402658637e-01 1.624402633698866616e+00 -1.873540833158374441e-01 -3.248594830475770578e-01 1.361422654062772963e+00
1.739999999999999880e-01 4.237128571937506805e-02 8.699999999999999400e-02 1.046999999999999931e+00 -1.901153112821095448e+00 -6.093325412222029558e-02 7.059763135684286040e-01 0.000000000000000000e+00 -1.455322452666649169e-02 7.362077592168077278e-02 8.699999999999999400e-02 -4.685711071965617536e-01 1.631108544990917508e+00 -1.854371772664974438e-01 -4.656069938022000532e-01 1.318816940973244201e+00
1.739999999999999880e-01 4.743970003700127835e-02 8.699999999999999400e-02 1.046999999999999931e+00 -2.172029524406715595e+00 -5.871780818641621907e-02 7.406773859824904438e-01 0.000000000000000000e+00 3.465793999001925019e-03 7.428814451446857925e-02 8.699999999999999400e-02 -5.929469982036520426e-01 1.614907190057305542e+00 -1.814062492698210738e-01 -5.832327006291750937e-01 1.261602670495792111e+00
1.281078424660347381e-01 4.922060118365339382e-02 8.699999999999999400e-02 9.238494965536538928e-01 -2.337641360613019526e+00 -7.489985986269109830e-02 7.970970929834185759e-01 0.000000000000000000e+00 2.327077266488506227e-02 7.481345284752193014e-02 8.699999999999999400e-02 -7.051752928742691662e-01 1.576600872712939250e+00 -1.761585526099186394e-01 -6.293016113842947457e-01 1.156032348390768405e+00
2.091764745028979258e-02 4.711152573814293004e-02 8.699999999999999400e-02 8.051356610408438863e-01 -2.355999999999999872e+00 -1.203631211552198543e-01 1.000572431872227330e+00 -1.945630572002317038e-01 4.597492355623460092e-02 7.379672659696505377e-02 8.699999999999999400e-02 -7.850000000000000311e-01 1.522600564092082109e+00 -1.686128439920247801e-01 -5.792095737646802966e-01 9.945296515181798469e-01
-1.006584588634612532e-01 4.194155782430968038e-02 8.699999999999999400e-02 7.115437397255200969e-01 -2.355999999999999872e+00 -3.267292234516780969e-01 1.046999999999999931e+00 -7.321186993398391962e-01 7.084982528873501328e-02 6.967195559692221374e-02 8.699999999999999400e-02 -7.850000000000000311e-01 1.449364526029856215e+00 -1.721075863397762973e-01 -4.596929999820614787e-01 8.074223050518494205e-01
-1.739999999999999880e-01 3.366574663366943970e-02 8.699999999999999400e-02 5.736170409752825439e-01 -2.355999999999999872e+00 -5.997841757760378201e-01 1.046999999999999931e+00 -1.173231151581751064e+00 9.701916204281589573e-02 6.262439857941251575e-02 8.699999999999999400e-02 -7.850000000000000311e-01 1.355909488515111505e+00 -1.846470973955750550e-01 -3.489160798040517042e-01 7.156960169254329429e-01
-1.739999999999999880e-01 2.753972805318538261e-02 8.699999999999999400e-02 3.880483914563126469e-01 -2.334667769951544347e+00 -7.233962905581188263e-01 1.046999999999999931e+00 -1.582136924377877563e+00 1.222300100981562609e-01 6.053004798121805474e-02 8.699999999999999400e-02 -7.850000000000000311e-01 1.245265495245548415e+00 -1.913062624156778579e-01 -2.776755685019071662e-01 7.043668412966006542e-01
-1.739999999999999880e-01 2.074657467772068539e-02 8.699999999999999400e-02 2.759243084359383480e-01 -2.236957645547519746e+00 -7.850000000000000311e-01 1.046999999999999931e+00 -1.880786332075774503e+00 1.427955337383766954e-01 6.238651633508340150e-02 8.699999999999999400e-02 -7.850000000000000311e-01 1.092173513124643947e+00 -1.967877163894364567e-01 -1.950878291143391396e-01 6.359876274643614380e-01
-1.739999999999999880e-01 1.632798028362743986e-02 8.699999999999999400e-02 2.293237922015971542e-01 -2.123727112014528018e+00 -7.850000000000000311e-01 1.046999999999999931e+00 -2.099991395288364870e+00 1.566297173906482654e-01 6.176763829419094909e-02 8.699999999999999400e-02 -7.850000000000000311e-01 9.428128154552499751e-01 -1.973217043266776716e-01 -1.057438256779924951e-01 5.870691889078800685e-01
-1.739999999999999880e-01 1.258598789017837186e-02 8.699999999999999400e-02 2.317563963258154058e-01 -2.016670204295665236e+00 -7.850000000000000311e-01 8.582690168854262280e-01 -2.192137017753409189e+00 1.665209547085163000e-01 6.754091271411995223e-02 8.699999999999999400e-02 -7.831245865388085647e-01 9.813194577900485882e-01 -1.881126027829825020e-01 -2.345260559728043134e-02 5.478173357483075989e-01
-1.739999999999999880e-01 1.604500004983931694e-02 8.699999999999999400e-02 2.860991997234811346e-01 -1.937490330115953618e+00 -5.733311359168843380e-01 1.136501641972155197e-01 -2.320988894764781652e+00 1.706210058482666436e-01 8.048546803812682560e-02 8.699999999999999400e-02 -7.132478462125175778e-01 1.043153222293811133e+00 -1.709006385782556592e-01 7.946037974336772614e-02 4.964228183479235668e-01
-1.739999999999999880e-01 1.889396458142463334e-02 8.699999999999999400e-02 4.111778637420083760e-01 -1.882813564117952865e+00 -3.254215644364399918e-01 -1.554014478752027417e-01 -2.350167989653645151e+00 1.652971651420720445e-01 8.369043748025992158e-02 8.699999999999999400e-02 -6.191018266591279406e-01 1.030269357150009668e+00 -1.608879933065518186e-01 2.764807417748829654e-01 2.900695280035394674e-01
-1.739999999999999880e-01 1.368517033291343464e-02 8.699999999999999400e-02 5.809261609915241653e-01 -1.792130001661623062e+00 -2.280667525208465718e-01 -2.251086179170697921e-01 -2.242678378751733703e+00 1.483294778549025805e-01 7.557399257762631439e-02 8.699999999999999400e-02 -4.774844507931056969e-01 9.914152424101949634e-01 -1.453354576022618250e-01 5.210889894417864987e-01 0.000000000000000000e+00
-1.739999999999999880e-01 5.371736058318703384e-03 8.699999999999999400e-02 7.659764758756231195e-01 -1.639967393831097020e+00 -1.770506992510072486e-01 -1.521556069505809738e-01 -2.171973702993975408e+00 1.258027340838953345e-01 5.981355241094391678e-02 8.699999999999999400e-02 -3.071875392994615761e-01 9.005658555088347228e-01 -1.312716605850482998e-01 6.142710552887302722e-01 0.000000000000000000e+00
-1.739999999999999880e-01 1.310112830845086953e-03 8.699999999999999400e-02 9.630104964223357156e-01 -1.622487857956067536e+00 -1.202481551100634261e-01 4.406915131961892116e-04 -2.090803607441438672e+00 1.007892619648111943e-01 4.122032795666002308e-02 8.699999999999999400e-02 -1.092933912282359754e-01 7.671534421326073883e-01 -1.232834597134467580e-01 6.955667700309884349e-01 0.000000000000000000e+00
-1.739999999999999880e-01 -1.032751997065664736e-02 8.699999999999999400e-02 1.032376597910793503e+00 -1.469876257315681833e+00 -8.562786778692427214e-02 1.460977196338822948e-01 -2.045774671491437324e+00 7.574133229524028510e-02 2.246475200150189339e-02 8.699999999999999400e-02 1.047789077038496358e-01 5.898894149734461578e-01 -1.127251847079643460e-01 7.650976793627771722e-01 0.000000000000000000e+00
-7.692028029338540338e-03 -2.090784508967849162e-02 8.699999999999999400e-02 9.697722657951336478e-01 -1.430088199318078068e+00 -8.391972996708296773e-02 2.006480481810418368e-02 -1.960282898732264911e+00 4.928270573818884642e-02 8.199067003016820288e-03 8.699999999999999400e-02 3.312569043347817210e-01 3.716495163422690595e-01 -1.402922960926582807e-01 7.850000000000000311e-01 0.000000000000000000e+00
1.583939293399931336e-01 -3.076999032166410214e-02 8.699999999999999400e-02 8.786456623161086332e-01 -1.357113993793286788e+00 -9.041782244127195833e-02 -4.193294064945829458e-02 -1.817881463651535690e+00 2.281570629530314115e-02 -3.462838590127051593e-03 8.699999999999999400e-02 5.656464685008250060e-01 1.145383175086962524e-01 -1.761283699444641804e-01 7.850000000000000311e-01 0.000000000000000000e+00
1.739999999999999880e-01 -4.050529018046361562e-02 8.699999999999999400e-02 9.020404725269196566e-01 -1.144824980520027680e+00 -1.017112115540485945e-01 1.286879611418134395e-01 -1.639248928074414913e+00 -1.964582556630279503e-03 -1.200256486791849257e-02 8.699999999999999400e-02 5.965694168693466137e-01 2.439950738820382270e-01 -1.693163088208245459e-01 7.295800355518199387e-01 3.553968198916930277e-01
1.739999999999999880e-01 -4.520294097668479949e-02 8.699999999999999400e-02 8.765345678739612234e-01 -8.261849475226323847e-01 -1.150150462428417009e-01 3.085247850089488098e-01 -1.533813971057752745e+00 -2.464768149866203642e-02 -1.306599996740702256e-02 8.699999999999999400e-02 5.488906630122339925e-01 4.999267985728099717e-01 -1.788756299697525920e-01 5.536393262188130659e-01 7.365363377560001368e-01
1.739999999999999880e-01 -4.474736692061662829e-02 8.699999999999999400e-02 5.972238237826125173e-01 0.000000000000000000e+00 -1.685728935661182648e-01 4.924405226857173079e-01 -1.509434126190840608e+00 -4.299012310106325313e-02 -8.964131757384133023e-03 7.889766667383821264e-02 4.848343639843970543e-01 7.319524256724125877e-01 -1.887726945404787082e-01 4.121652671771275367e-01 9.976264843884505851e-01
1.739999999999999880e-01 -3.551219673017117634e-02 8.699999999999999400e-02 6.869820588891520918e-01 0.000000000000000000e+00 -1.435404267129040679e-01 6.668388327819250172e-01 -1.455615426199456053e+00 -5.302634740983965672e-02 -3.494004971279970288e-03 6.119825404828434928e-02 4.141754359207072134e-01 9.556421350728872000e-01 -1.973094328008198339e-01 2.887434022022729585e-01 1.160516483207868710e+00
1.739999999999999880e-01 -2.597896310165409561e-02 8.699999999999999400e-02 7.571875901573403844e-01 0.000000000000000000e+00 -1.614819507610574523e-01 7.805118332589390251e-01 -1.327522038211329303e+00 -5.785685149799464633e-02 4.808530637935168328e-03 4.642352692500292116e-02 3.497978319710566275e-01 1.132727792317766990e+00 -2.073319214978376901e-01 1.620200538881352292e-01 1.259802008026545295e+00
1.739999999999999880e-01 -1.841374857062145348e-02 8.699999999999999400e-02 7.955489469491406895e-01 0.000000000000000000e+00 -1.493476802072447873e-01 8.503325957468784724e-01 -1.124182977363389568e+00 -5.779550376641892639e-02 1.435520231257386703e-02 3.267121988212998845e-02 2.581537968734579636e-01 1.292997468934023786e+00 -2.173460307409258441e-01 2.247344363749218671e-02 1.316707418839487609e+00
1.739999999999999880e-01 -1.054669848014659454e-02 8.699999999999999400e-02 7.949985045707563813e-01 0.000000000000000000e+00 -1.398606012958289735e-01 8.550781884563227742e-01 -8.492513102983334505e-01 -5.079142782662531691e-02 2.164211908824529434e-02 2.265354383388841833e-02 1.247087228731019459e-01 1.448927430371898417e+00 -2.264697041868921623e-01 -1.315889922746956431e-01 1.339217358139125125e+00
1.739999999999999880e-01 -4.504542899155529814e-03 8.699999999999999400e-02 7.776660405326151215e-01 0.000000000000000000e+00 -1.294285001354234244e-01 7.490940313818063023e-01 -3.826801160076485075e-01 -3.569283790185807242e-02 2.650496656322782682e-02 1.176794315145321922e-02 -2.059420218400505667e-02 1.582040907433145627e+00 -2.293213544308819740e-01 -2.820818260167392566e-01 1.329499874862424491e+00
1.739999999999999880e-01 -3.883005302262682252e-05 8.699999999999999400e-02 9.949803462928021869e-01 -5.932881782585468500e-01 -1.059919449764162719e-01 6.627494857381071025e-01 0.000000000000000000e+00 -1.531876401138698544e-02 3.216569011901197067e-02 9.349220956692189111e-03 -1.769804850925205952e-01 1.684614663653036359e+00 -2.266143341342593542e-01 -4.304511926774672870e-01 1.301543893254037521e+00
1.739999999999999880e-01 -7.852131831324429042e-04 8.699999999999999400e-02 1.046999999999999931e+00 -1.288504031692662366e+00 -9.277505029018781602e-02 7.312134657050948228e-01 0.000000000000000000e+00 7.907028052026577464e-03 3.861920419269952720e-02 1.154386746398100572e-02 -3.406627758035791209e-01 1.742997651184955643e+00 -2.195433161403858302e-01 -5.590118386745730472e-01 1.254284272644518694e+00
8.787865519438320394e-02 -1.758205683723473294e-05 8.699999999999999400e-02 1.046999999999999931e+00 -1.694467732310996233e+00 -9.580238292530775246e-02 8.620010848013396343e-01 0.000000000000000000e+00 3.148812312606111274e-02 4.435149041346881510e-02 1.869504990366865557e-02 -5.126746712798193606e-01 1.767016535384284381e+00 -2.130558792466262785e-01 -6.438308394372797006e-01 1.175861576710419243e+00
-1.088307327659132455e-02 1.358769066194371559e-04 8.699999999999999400e-02 1.046999999999999931e+00 -2.020981913265748275e+00 -1.257662394990717303e-01 9.771271398810792430e-01 0.000000000000000000e+00 5.333466361075701184e-02 5.271600601147382464e-02 3.023887245414584937e-02 -6.791232557523008140e-01 1.753223337943936144e+00 -2.038348064852787411e-01 -6.397953337005238827e-01 1.029677300855798450e+00
-1.103235490877970820e-01 -7.691384096451861149e-03 8.699999999999999400e-02 1.046999999999999931e+00 -2.270512460960459222e+00 -2.207128491904850054e-01 1.046999999999999931e+00 -2.264620800914265430e-01 7.571279059975795367e-02 6.275007884423841609e-02 4.473293734229227131e-02 -7.850000000000000311e-01 1.693733031725489724e+00 -1.968964954963087766e-01 -5.475263435327788475e-01 8.323315547034644268e-01
-1.739999999999999880e-01 -2.047456537597177814e-02 8.699999999999999400e-02 1.016640113788668920e+00 -2.355999999999999872e+00 -7.199458193611408818e-01 1.046999999999999931e+00 -7.974660377071129957e-01 1.002234244335391405e-01 7.228834270330540546e-02 6.572703655146645840e-02 -7.850000000000000311e-01 1.596071805635552288e+00 -1.986341432081322189e-01 -4.257667146498853583e-01 7.173728951679301247e-01
-1.739999999999999880e-01 -2.817189997188167955e-02 8.699999999999999400e-02 5.928162583053026014e-01 -2.355999999999999872e+00 -7.850000000000000311e-01 1.046999999999999931e+00 -1.342643083049478214e+00 1.260519165813830111e-01 8.205638732492066822e-02 8.699999999999999400e-02 -7.850000000000000311e-01 1.472208743696835853e+00 -1.988772442475420787e-01 -3.259707451751219232e-01 7.209884559667543158e-01
-1.739999999999999880e-01 -3.219671899373231783e-02 8.699999999999999400e-02 2.628475048277356674e-01 -2.355999999999999872e+00 -7.850000000000000311e-01 1.046999999999999931e+00 -1.732127538590083837e+00 1.487247577678029453e-01 9.448322389542526678e-02 8.699999999999999400e-02 -7.850000000000000311e-01 1.317887048036418207e+00 -1.931541966342432415e-01 -1.986657545957052351e-01 6.174350556341803298e-01
-1.739999999999999880e-01 -3.431397836279881375e-02 8.699999999999999400e-02 7.386363253166618181e-02 -2.291379826402323516e+00 -7.850000000000000311e-01 1.046999999999999931e+00 -2.015450729336579094e+00 1.608613289631988519e-01 1.006621480603895197e-01 8.699999999999999400e-02 -7.850000000000000311e-01 1.067497179340091584e+00 -1.933611788219977978e-01 -3.774773945422866400e-02 4.803368553708802224e-01
-1.739999999999999880e-01 -2.818830031935790764e-02 8.699999999999999400e-02 -3.526578999337193904e-02 -2.144556548523259387e+00 -7.850000000000000311e-01 1.046999999999999931e+00 -2.168709952053744061e+00 1.649727816967787863e-01 1.016900343655164629e-01 8.699999999999999400e-02 -7.850000000000000311e-01 8.246882690003962679e-01 -1.937358660810703515e-01 2.044113234083557995e-01 1.929309599162154498e-01
-1.739999999999999880e-01 -1.920855985170067878e-02 8.699999999999999400e-02 -6.522826202111592364e-02 -2.008239767174447188e+00 -7.850000000000000311e-01 2.035112729534857001e-01 -2.173117161001348663e+00 1.676374488617045633e-01 1.029709530446845239e-01 8.699999999999999400e-02 -7.180923421801164164e-01 8.592260999441183600e-01 -1.818558763785097787e-01 3.930214610413481635e-01 0.000000000000000000e+00
-1.739999999999999880e-01 -8.727629848876554755e-03 8.699999999999999400e-02 -1.489579560652244845e-02 -1.919766790405312840e+00 -3.677915916200445445e-01 -2.056820773278440762e-01 -2.355999999999999872e+00 1.638674393999844936e-01 1.036714473793896307e-01 8.699999999999999400e-02 -6.100352365873830118e-01 9.121581340845246189e-01 -1.563296910485905411e-01 4.975457389488986970e-01 0.000000000000000000e+00
-1.739999999999999880e-01 -5.740232934995280695e-04 8.699999999999999400e-02 1.055673992412172191e-01 -1.839295014268333972e+00 -2.687710373400287178e-01 -3.235770865293421950e-01 -2.246852506167999586e+00 1.509965664693792564e-01 9.300224757553766930e-02 8.699999999999999400e-02 -4.585526927284333532e-01 8.385861923483775016e-01 -1.413319424258051848e-01 5.972888609171871366e-01 0.000000000000000000e+00
-1.739999999999999880e-01 2.129553730330918312e-03 8.699999999999999400e-02 2.676724850155690061e-01 -1.721987975508008084e+00 -2.070596818313202858e-01 -2.867646413180766629e-01 -2.135777246313148581e+00 1.298669055983751874e-01 7.941502539414860284e-02 8.699999999999999400e-02 -2.532579869978659470e-01 7.250386338643401984e-01 -1.252702770979809699e-01 6.838674506024972066e-01 0.000000000000000000e+00
-1.739999999999999880e-01 -1.006448121571579908e-03 8.699999999999999400e-02 4.568693712997961565e-01 -1.577618376623647123e+00 -1.543240704485960568e-01 -1.940768182311173595e-01 -2.041491590619791907e+00 1.059599639206846022e-01 6.096136375718351486e-02 8.699999999999999400e-02 -1.007829029327571811e-02 5.255896511290725215e-01 -1.125815862998950923e-01 7.529280985937633064e-01 0.000000000000000000e+00
-1.739999999999999880e-01 -1.196027167232724918e-02 8.699999999999999400e-02 6.254018667517835528e-01 -1.379888323782805237e+00 -1.078998965448183939e-01 -8.439436694348091683e-02 -2.000339474356028546e+00 7.594719968464774817e-02 3.982884892216261019e-02 8.699999999999999400e-02 3.080425574564995550e-01 1.803186572253370201e-01 -1.300863562035105836e-01 7.850000000000000311e-01 0.000000000000000000e+00
3.753345448422564651e-02 -2.140386302830342771e-02 8.699999999999999400e-02 5.870564808960994085e-01 -1.491415147382621598e+00 -4.305394993010487337e-01 -4.299321399525447007e-01 -1.812752220889542798e+00 4.223168174094019123e-02 1.686789009100237574e-02 8.699999999999999400e-02 5.360122497893863303e-01 0.000000000000000000e+00 -1.673332154485122070e-01 7.850000000000000311e-01 0.000000000000000000e+00
1.739999999999999880e-01 -3.529368685732651306e-02 8.699999999999999400e-02 6.020074221486905186e-01 -1.477281050506769056e+00 -3.604621360123533291e-01 -3.973032950307938682e-01 -1.741975742374501479e+00 1.018421413121809935e-02 -1.912274832413636333e-03 8.699999999999999400e-02 6.613812844821812531e-01 0.000000000000000000e+00 -2.138071688756985056e-01 7.850000000000000311e-01 0.000000000000000000e+00
1.739999999999999880e-01 -4.394302812709720285e-02 8.699999999999999400e-02 7.508914298585113167e-01 -1.359374397954391078e+00 -6.274962876923180499e-02 -6.657325919632771372e-02 -1.731115725785667969e+00 -1.782542075910222013e-02 -1.588955105628245962e-02 7.466294875777056139e-02 7.826446194301270864e-01 0.000000000000000000e+00 -2.552720640631165328e-01 7.850000000000000311e-01 0.000000000000000000e+00
1.739999999999999880e-01 -5.039707101032713660e-02 8.699999999999999400e-02 8.448566903470894340e-01 -1.168796645757478103e+00 -7.216160205919128212e-02 1.061797420944348008e-01 -1.561187633759208104e+00 -4.217782295193059361e-02 -2.408803660969816712e-02 5.567389565512118055e-02 6.969191391429673255e-01 3.928136189844000370e-01 -1.633409990339414752e-01 6.805025682565438716e-01 7.044891667854651374e-01
1.739999999999999880e-01 -5.527691206685760028e-02 8.699999999999999400e-02 8.596539282782403868e-01 -8.702702824135286619e-01 -8.269271329732931497e-02 3.009620364674427950e-01 -1.506482095847438529e+00 -6.284533014140790408e-02 -2.493193532559068865e-02 3.973545928895547835e-02 6.524030071357296290e-01 6.726363869768068326e-01 -1.566837164971596752e-01 5.457501110321482107e-01 1.001163708217717385e+00
1.739999999999999880e-01 -4.850361881687964560e-02 8.699999999999999400e-02 6.762221725686514695e-01 -2.007945244985664957e-01 -1.296725588718632971e-01 5.036668557033876503e-01 -1.502897143973445537e+00 -7.677874849737925667e-02 -1.791500562785259751e-02 -3.791492374145315203e-02 5.876766074131409834e-01 9.494746052292075689e-01 -1.519077819650380412e-01 4.083299548382240962e-01 1.233253820331908557e+00
1.739999999999999880e-01 -3.690931855260095457e-02 8.699999999999999400e-02 6.863292768616364725e-01 0.000000000000000000e+00 -1.224510643356399031e-01 6.907960422718599780e-01 -1.434368975162949589e+00 -8.065336865683900291e-02 -8.313890277699019157e-03 -6.386868007640328360e-02 4.981826613724193442e-01 1.168084905524102268e+00 -1.454071841193711190e-01 2.538182593379510466e-01 1.397304094659894247e+00
1.739999999999999880e-01 -2.213037838554104270e-02 8.699999999999999400e-02 7.665918944678790092e-01 0.000000000000000000e+00 -1.506337251763388840e-01 7.994776726452313964e-01 -1.261818063946735791e+00 -7.844072989951235420e-02 -8.718230979509916689e-05 -9.372037253465589912e-02 3.816950612498727358e-01 1.378294183476258539e+00 -1.370377594667934185e-01 8.599104159035500516e-02 1.500880254687527504e+00
1.739999999999999880e-01 -1.369620137354564220e-02 7.970654500220010485e-02 8.165858712650898577e-01 0.000000000000000000e+00 -1.494883295044289739e-01 8.472757643632168323e-01 -9.932709643461894444e-01 -7.078668002158047812e-02 7.147698748210648025e-03 -1.147974746862443496e-01 2.409616044612957197e-01 1.570052743782399673e+00 -1.287263510324311300e-01 -9.039632025847373076e-02 1.551555959424604225e+00
1.739999999999999880e-01 -5.563404533097276485e-03 8.699999999999999400e-02 8.228740730428346639e-01 0.000000000000000000e+00 -1.563017910757029394e-01 7.757049323093868631e-01 -5.311170185595397442e-01 -5.856787328385761049e-02 1.123112076920485328e-02 -1.180770517369785499e-01 8.174160665689857164e-02 1.724773741527256377e+00 -1.191138610878610948e-01 -2.746781244850813875e-01 1.562581640142210126e+00
1.739999999999999880e-01 3.707387348222285564e-03 8.699999999999999400e-02 8.090926393422345209e-01 0.000000000000000000e+00 -1.402458114809690681e-01 6.413567923505989476e-01 0.000000000000000000e+00 -4.028731742969194479e-02 1.580795663996543976e-02 -1.048873545736561941e-01 -9.926602774140416696e-02 1.829624736423147269e+00 -1.049380557332723340e-01 -4.541159551240862569e-01 1.535595629328404321e+00
1.739999999999999880e-01 9.400542093947044167e-03 8.699999999999999400e-02 7.521851444923158825e-01 0.000000000000000000e+00 -1.185752848296106055e-01 7.316399683885597138e-01 0.000000000000000000e+00 -1.884263071095521047e-02 2.130466861884023830e-02 3.121733780952139128e-03 -3.113215475513408381e-01 1.867521483866742216e+00 -8.935026989067774983e-02 -6.126078356180948425e-01 1.474637557375114483e+00
1.739999999999999880e-01 1.383415048258220675e-02 8.699999999999999400e-02 1.046999999999999931e+00 -1.108313574980865468e+00 -1.118324840327157427e-01 7.959359868565623053e-01 0.000000000000000000e+00 3.678890997772966444e-03 2.911879541612732644e-02 1.591628150344713208e-02 -4.983628402175406813e-01 1.884659490243485891e+00 -7.427669989242564885e-02 -7.393126331200442491e-01 1.395341388655543469e+00
1.143448225715271854e-01 2.151420423360004761e-02 8.699999999999999400e-02 1.046999999999999931e+00 -1.558600236337509770e+00 -1.147129511434193810e-01 8.995412409155472133e-01 0.000000000000000000e+00 2.439077895462385404e-02 3.818441823925244200e-02 3.611568176286224230e-02 -6.811836395929347088e-01 1.863826474995341265e+00 -6.661977705500672642e-02 -7.850000000000000311e-01 1.299739763556803318e+00
3.426908830568042852e-02 2.876955477775939088e-02 8.699999999999999400e-02 1.046999999999999931e+00 -1.915312416230434245e+00 -1.477899987580471308e-01 9.915578056168851129e-01 0.000000000000000000e+00 4.339750274769498678e-02 4.907210742440245438e-02 6.354817448113830869e-02 -7.850000000000000311e-01 1.800201559506251492e+00 -5.976157707093703031e-02 -7.850000000000000311e-01 1.190733690312169024e+00
-5.252021066248960257e-02 2.800836570750495080e-02 8.699999999999999400e-02 1.046999999999999931e+00 -2.183457090335627626e+00 -2.291548173420069889e-01 1.046999999999999931e+00 0.000000000000000000e+00 6.371029365221082819e-02 5.831567262845405164e-02 8.699999999999999400e-02 -7.850000000000000311e-01 1.690873302204249029e+00 -6.551517531359886404e-02 -7.274054271318303178e-01 1.071661284762834399e+00
-1.489158729745904686e-01 2.037044892668503013e-02 8.699999999999999400e-02 1.046999999999999931e+00 -2.355999999999999872e+00 -6.427532727804856627e-01 1.046999999999999931e+00 -6.274520387478812466e-01 8.507611265838056769e-02 6.473419843993112599e-02 8.699999999999999400e-02 -7.850000000000000311e-01 1.555437263955725236e+00 -7.360564099156055584e-02 -5.656451085791598388e-01 8.860329182361272871e-01
-1.739999999999999880e-01 1.540059643057765763e-02 8.699999999999999400e-02 9.553737318908115395e-01 -2.355999999999999872e+00 -7.850000000000000311e-01 1.046999999999999931e+00 -1.215702504089427372e+00 1.082298029349329782e-01 6.887175760947768233e-02 8.699999999999999400e-02 -7.850000000000000311e-01 1.392685203755309686e+00 -1.006238340066626935e-01 -4.314977270746103710e-01 7.956824994689259967e-01
-1.739999999999999880e-01 1.403724622565201072e-02 8.699999999999999400e-02 6.204462915307517035e-01 -2.355999999999999872e+00 -7.850000000000000311e-01 1.046999999999999931e+00 -1.660656968328188654e+00 1.294738895264653245e-01 7.138521078338222470e-02 8.699999999999999400e-02 -7.850000000000000311e-01 1.203395826730933926e+00 -1.228308701542334402e-01 -3.002917777115193254e-01 7.766399254432005961e-01
-1.739999999999999880e-01 1.524822535958588604e-02 8.699999999999999400e-02 4.070266480980093693e-01 -2.298915265297547528e+00 -7.089381606357055832e-01 1.046999999999999931e+00 -2.018997708459777662e+00 1.445320626109320439e-01 6.827083639169115314e-02 8.699999999999999400e-02 -7.850000000000000311e-01 9.957178434618008112e-01 -1.515337804859629989e-01 -1.152934618269426531e-01 5.915005112107198926e-01
-1.739999999999999880e-01 1.945383477952594697e-02 8.699999999999999400e-02 2.672909951819336660e-01 -2.127261082934712277e+00 -4.592596515900115861e-01 1.046999999999999931e+00 -2.355999999999999872e+00 1.492388225877146479e-01 5.945462382064634760e-02 8.699999999999999400e-02 -7.850000000000000311e-01 7.809895313010564166e-01 -1.761914806513396881e-01 1.271967244359992200e-01 3.302280353686963821e-01
-1.739999999999999880e-01 2.400871625827065425e-02 8.699999999999999400e-02 2.120742111196202151e-01 -1.959844318620029391e+00 -3.973110604811134206e-01 6.517598612379933432e-01 -2.355999999999999872e+00 1.460348401696252574e-01 5.788897311553594521e-02 8.699999999999999400e-02 -7.408655016436371810e-01 7.631675666728918728e-01 -1.763458365425806251e-01 4.046480497893834016e-01 0.000000000000000000e+00
-1.739999999999999880e-01 3.089728482892952280e-02 8.699999999999999400e-02 2.347141352601777031e-01 -1.844027616235822009e+00 -2.295415138580706726e-01 1.464680046247424927e-01 -2.355999999999999872e+00 1.390643638396393544e-01 6.571633003323866518e-02 8.699999999999999400e-02 -6.666727122143005779e-01 9.047162003018200949e-01 -1.603928423842133910e-01 5.238190231897740246e-01 0.000000000000000000e+00
-1.739999999999999880e-01 3.611669225664587701e-02 8.699999999999999400e-02 3.340831884535784835e-01 -1.733613438744436408e+00 -1.411384210171798270e-01 -6.182284163331486920e-02 -2.251154144755318498e+00 1.176736065920055280e-01 6.616436667013776696e-02 8.699999999999999400e-02 -5.267401760550056711e-01 9.388171646230141221e-01 -1.414083241092524978e-01 6.414013924789011556e-01 0.000000000000000000e+00
-1.739999999999999880e-01 3.006614167343534330e-02 8.699999999999999400e-02 4.752218240203660016e-01 -1.589093133874351693e+00 -7.795312166356703487e-02 -9.811705513854528105e-02 -2.123028489247178463e+00 8.620293124202088597e-02 5.152905973229248565e-02 8.699999999999999400e-02 -3.306192554429862041e-01 8.948547195006586463e-01 -1.180930276731659428e-01 7.465207362819814563e-01 0.000000000000000000e+00
-1.645186962277985984e-02 2.278553332455368272e-02 8.699999999999999400e-02 4.442028855646671381e-01 -1.544494630787875522e+00 -3.031645236715541092e-01 -3.733534658019491137e-01 -1.918324885621697007e+00 5.041472436660184714e-02 3.261122691313973754e-02 8.699999999999999400e-02 -1.048496011473363104e-01 8.034164391945424200e-01 -1.192896052219081376e-01 7.850000000000000311e-01 0.000000000000000000e+00
1.739999999999999880e-01 6.672672868997097523e-03 8.699999999999999400e-02 4.301222517109308807e-01 -1.619021986213702746e+00 8.699999999999999400e-02 -5.456861685649350147e-01 -1.827100291117172759e+00 1.169924135321168471e-02 1.124900538782017297e-02 8.699999999999999400e-02 1.423336235175587661e-01 6.685314222786491456e-01 -1.628168798227919711e-01 7.850000000000000311e-01 0.000000000000000000e+00
1.739999999999999880e-01 -1.543260784908162021e-02 8.699999999999999400e-02 6.617640280981401668e-01 -1.587872205689571103e+00 -1.484659255157935731e-01 -3.995490377857770503e-01 -1.774134002692723477e+00 -2.334177075997002568e-02 -1.099563824358190493e-02 8.699999999999999400e-02 3.916290959927096749e-01 4.920617187889302357e-01 -2.286792116337514613e-01 7.850000000000000311e-01 0.000000000000000000e+00
1.739999999999999880e-01 -3.055260359478095128e-02 8.699999999999999400e-02 8.176538137854297839e-01 -1.437602407831629847e+00 -4.251138458225076078e-02 -1.876645590150047560e-01 -1.736876923277447915e+00 -4.891428058953456448e-02 -2.901959201999229979e-02 8.699999999999999400e-02 6.259441896616283474e-01 2.884962720056716279e-01 -3.078322898259951423e-01 7.850000000000000311e-01 0.000000000000000000e+00
1.739999999999999880e-01 -3.859561190591322827e-02 8.699999999999999400e-02 8.932378443343162999e-01 -1.194859976447592231e+00 3.249926293491796347e-02 3.864092833531286054e-05 -1.626579382125243889e+00 -6.561532492327575017e-02 -3.781560957114084298e-02 8.193676825456600032e-02 7.188335281479500960e-01 3.271642765370295081e-01 -2.190335957578614656e-01 7.850000000000000311e-01 5.198382823812792708e-01
1.739999999999999880e-01 -4.598720288370967968e-02 8.699999999999999400e-02 8.805823725706471983e-01 -8.560223420551498208e-01 1.704089082270360961e-02 1.675120658415246988e-01 -1.521550386766575613e+00 -7.331246448516030856e-02 -3.947240238618255487e-02 6.317350480700476001e-02 7.258409201229931718e-01 4.945700631552298887e-01 -1.317078117160218331e-01 7.281797951041191208e-01 9.068848496155679229e-01
1.739999999999999880e-01 -4.334820741979656528e-02 8.699999999999999400e-02 5.984849882870233451e-01 0.000000000000000000e+00 -5.744836178792517983e-02 3.495706281535670423e-01 -1.537014670086466417e+00 -7.637038024880971054e-02 -3.392197959852114725e-02 7.164601127014710857e-03 6.896094409434492256e-01 7.247609421218603742e-01 8.699999999999999400e-02 5.835507041755512159e-01 1.245254462003641649e+00
1.739999999999999880e-01 -2.987996152516324971e-02 8.699999999999999400e-02 6.932820710767787498e-01 0.000000000000000000e+00 -5.761890156441760308e-02 5.665786473062444095e-01 -1.506156198737091501e+00 -7.420113223267946201e-02 -2.314840598767590324e-02 -3.994571715431663450e-02 6.336743310440120514e-01 9.505981954054032457e-01 8.699999999999999400e-02 4.150974127983955708e-01 1.438653979209550293e+00
1.739999999999999880e-01 -1.956492934254275978e-02 8.699999999999999400e-02 7.674867744383513379e-01 0.000000000000000000e+00 -9.416137465110940852e-02 7.059101107478805703e-01 -1.382998119700760142e+00 -7.075702109022974362e-02 -1.328631760616559403e-02 -7.108032939338734812e-02 5.386506879490378097e-01 1.174369511534431254e+00 -1.253424350831926770e-01 2.198135193271877896e-01 1.487481192410500697e+00
1.739999999999999880e-01 -9.969025176430676774e-03 8.699999999999999400e-02 8.057361090928334413e-01 0.000000000000000000e+00 -9.707829253764571620e-02 8.056310820538156170e-01 -1.189449666623823454e+00 -6.501287797020925685e-02 -4.890422322669798171e-03 -1.176808150178658696e-01 4.318740748924188022e-01 1.389357635845825278e+00 -1.236781100187280824e-01 1.505759657033662290e-02 1.572065929940866802e+00
1.739999999999999880e-01 -2.130953301787657031e-03 8.699999999999999400e-02 8.076992848774064981e-01 0.000000000000000000e+00 -1.020607124258024467e-01 8.355197710061355032e-01 -9.028297195882855064e-01 -5.386376433845356526e-02 1.963984709532678920e-03 -1.454721141605813395e-01 2.981187228860819882e-01 1.585387710570516084e+00 -1.230386287980303334e-01 -1.942969575750334021e-01 1.604920869223981583e+00
1.739999999999999880e-01 6.027229365024603693e-03 8.699999999999999400e-02 7.807041334847507619e-01 0.000000000000000000e+00 -1.027114571278460869e-01 7.414892316724284171e-01 -4.160269208539855157e-01 -3.621755639935359677e-02 9.205609867341387961e-03 -1.462027344785144511e-01 1.229040869723910245e-01 1.747608984298260282e+00 -1.193438268361882715e-01 -3.957876350443663704e-01 1.585446031900220376e+00
1.739999999999999880e-01 8.629531321534506666e-03 8.699999999999999400e-02 1.020635696399916581e+00 -6.946927561258364747e-01 -8.888828539338228252e-02 6.531454424818595728e-01 0.000000000000000000e+00 -1.408211047369914773e-02 1.890726667387020860e-02 8.699999999999999400e-02 -1.023750888417698096e-01 1.804236149621553764e+00 -1.081955649775176026e-01 -5.704567697712734642e-01 1.524942238856487720e+00
1.739999999999999880e-01 1.101490283223341589e-02 8.699999999999999400e-02 1.046999999999999931e+00 -1.361018592012526618e+00 -7.846747063310735570e-02 7.339446296522361690e-01 0.000000000000000000e+00 9.013178999318329637e-03 3.275113781024415610e-02 8.699999999999999400e-02 -3.033542587417273340e-01 1.870286853264622629e+00 -9.062310833718643932e-02 -7.091711469969117498e-01 1.437380573019629182e+00
9.281400567596324869e-02 1.308093125876627801e-02 8.699999999999999400e-02 1.046999999999999931e+00 -1.742163728201368222e+00 -8.578687833221154690e-02 8.728220429275451719e-01 0.000000000000000000e+00 2.994540059967094880e-02 4.892290758244572518e-02 1.914592781766732976e-02 -5.041594874700860984e-01 1.918966117230461066e+00 -7.426463250012668715e-02 -7.850000000000000311e-01 1.338808364601547396e+00
8.360223965596070075e-03 1.417284729336791213e-02 8.699999999999999400e-02 1.046999999999999931e+00 -2.052221339887658758e+00 -1.407945412128123186e-01 9.790520288106652202e-01 0.000000000000000000e+00 4.938130519681841607e-02 6.715242050932816731e-02 5.045295761529478007e-02 -6.938478967488596050e-01 1.897969547092757558e+00 -6.695475464748329442e-02 -7.850000000000000311e-01 1.259130334226660430e+00
-7.473428658844837036e-02 1.151577340263590550e-02 8.699999999999999400e-02 1.046999999999999931e+00 -2.283071770133572542e+00 -2.711368884416249236e-01 1.046999999999999931e+00 0.000000000000000000e+00 6.899682463437172009e-02 8.375282696239781666e-02 8.451307221919777957e-02 -7.850000000000000311e-01 1.827515830188987778e+00 -6.138424086818763947e-02 -7.850000000000000311e-01 1.148119832448331934e+00
-1.601099330701385159e-01 2.115790854902737782e-03 8.699999999999999400e-02 1.046999999999999931e+00 -2.355999999999999872e+00 -6.347027930542437080e-01 1.046999999999999931e+00 -5.320979168563457762e-01 8.864632186131748970e-02 9.590853492923573365e-02 8.699999999999999400e-02 -7.850000000000000311e-01 1.718347553421823548e+00 -6.582616604020043172e-02 -7.037689306008674262e-01 9.933335641979894604e-01
-1.739999999999999880e-01 -1.494344224793701546e-03 8.699999999999999400e-02 7.568637537147491212e-01 -2.355999999999999872e+00 -7.850000000000000311e-01 1.046999999999999931e+00 -1.139115773559859157e+00 1.082857957929241194e-01 1.034852737018631674e-01 8.699999999999999400e-02 -7.850000000000000311e-01 1.565171057179941982e+00 -7.485662562384341745e-02 -5.402348946591710721e-01 7.925571261677308854e-01
-1.739999999999999880e-01 -1.940003190198545972e-03 8.699999999999999400e-02 4.543313216931867404e-01 -2.355999999999999872e+00 -7.850000000000000311e-01 1.046999999999999931e+00 -1.569870874542375283e+00 1.296717720270589569e-01 1.065952934317264678e-01 8.699999999999999400e-02 -7.850000000000000311e-01 1.362817158938023354e+00 -1.024469888155073866e-01 -4.009858162884320509e-01 6.961950290554366205e-01
-1.739999999999999880e-01 -2.897688145389936895e-04 8.699999999999999400e-02 2.590825508357666451e-01 -2.311689054690646117e+00 -7.850000000000000311e-01 1.046999999999999931e+00 -1.897091154278545133e+00 1.492501842242226207e-01 1.074424550778548537e-01 8.699999999999999400e-02 -7.850000000000000311e-01 1.129900697881846661e+00 -1.205134272491494296e-01 -2.785530797245841517e-01 6.919678809629399296e-01
-1.739999999999999880e-01 6.978481236326917157e-03 8.699999999999999400e-02 1.655933129039983687e-01 -2.185735294408700291e+00 -7.850000000000000311e-01 1.046999999999999931e+00 -2.120066543297228101e+00 1.587435992341604263e-01 9.669984392931869899e-02 8.699999999999999400e-02 -7.850000000000000311e-01 8.575789393970438823e-01 -1.567315991914435547e-01 -6.349337327081792937e-02 4.675126265806381909e-01
-1.739999999999999880e-01 1.197622759103134267e-02 8.699999999999999400e-02 1.323522768574352804e-01 -2.047041292519578448e+00 -7.850000000000000311e-01 7.891841477964802731e-01 -2.195101542130639238e+00 1.609203025163014888e-01 7.761626685490068123e-02 8.699999999999999400e-02 -7.643916410978195408e-01 6.680371767747725897e-01 -1.854718538911319936e-01 2.940624851179962085e-01 0.000000000000000000e+00
-1.739999999999999880e-01 1.297726959881082866e-02 8.699999999999999400e-02 1.027136268526500085e-01 -1.910482186408643202e+00 -3.845388075356520052e-01 2.060403396095621398e-01 -2.355999999999999872e+00 1.565273611139052501e-01 7.348285811891032415e-02 8.699999999999999400e-02 -7.069399822834311342e-01 7.978412204284364151e-01 -1.818296240384987550e-01 4.100758244348531312e-01 0.000000000000000000e+00
-1.739999999999999880e-01 1.909861109436237353e-02 8.699999999999999400e-02 1.727580514410305690e-01 -1.815888626014031892e+00 -2.188965430572304138e-01 -4.598387998201156068e-02 -2.291785924575835409e+00 1.441189113529122712e-01 8.307951328648643941e-02 8.699999999999999400e-02 -6.105500357442433801e-01 9.180582829319998694e-01 -1.627844279786397619e-01 5.325398937038637870e-01 0.000000000000000000e+00
-1.739999999999999880e-01 2.381145870592810826e-02 8.699999999999999400e-02 3.129109916395249047e-01 -1.706160884168538949e+00 -1.420253810211358769e-01 -1.498320281571364487e-01 -2.144674618284974521e+00 1.188817807209277960e-01 8.006134303649262152e-02 8.699999999999999400e-02 -4.444450652726447126e-01 8.986498391129167373e-01 -1.456614569994965913e-01 6.518143750443297080e-01 0.000000000000000000e+00
-1.739999999999999880e-01 2.071597879691756267e-02 8.699999999999999400e-02 4.789317556018927724e-01 -1.556155144044018002e+00 -9.655235191782919613e-02 -1.251813608875124439e-01 -2.049734445955923690e+00 8.754842459406672606e-02 6.681384074268277573e-02 8.699999999999999400e-02 -2.340179000538985254e-01 8.387128546205921964e-01 -1.338743050592024753e-01 7.550510257271961789e-01 0.000000000000000000e+00
-2.590908297532228469e-02 9.107725038956702990e-03 8.699999999999999400e-02 4.948653937461873764e-01 -1.548808582573780512e+00 8.699999999999999400e-02 -3.114774164775122589e-01 -1.960041480258004398e+00 5.192311383015606879e-02 5.102381353301499445e-02 8.699999999999999400e-02 1.401144015698719582e-02 7.026191468240181592e-01 -1.512656948347909369e-01 7.850000000000000311e-01 0.000000000000000000e+00
1.739999999999999880e-01 -1.156872110556705392e-02 8.699999999999999400e-02 4.504916221456335967e-01 -1.606552647466072514e+00 -2.269207086648683813e-01 -5.236153372321382671e-01 -1.779829406645999867e+00 1.309587617742308599e-02 3.392071115685230814e-02 8.699999999999999400e-02 2.841625382114060794e-01 5.142302045295004120e-01 -2.035455981184246810e-01 7.850000000000000311e-01 0.000000000000000000e+00
1.739999999999999880e-01 -3.338462975335383665e-02 8.699999999999999400e-02 6.752570410199488782e-01 -1.555151529984573067e+00 -1.585408089606994142e-01 -3.522341395332527769e-01 -1.769543830912226667e+00 -2.091050840439796429e-02 1.506296093269898426e-02 8.699999999999999400e-02 5.490543322392774650e-01 2.857128706673170981e-01 -2.746820434265573319e-01 7.850000000000000311e-01 0.000000000000000000e+00
1.739999999999999880e-01 -4.386897761343642316e-02 8.699999999999999400e-02 8.242752285602712448e-01 -1.398361380579167701e+00 -1.173153038771813372e-01 -1.510564025857014936e-01 -1.690215134817329101e+00 -4.555241435816910489e-02 -1.767080882288654111e-03 5.275471273976090059e-02 7.136497071974532425e-01 2.093665123530445982e-01 -3.519124031807145947e-01 7.850000000000000311e-01 0.000000000000000000e+00
1.739999999999999880e-01 -4.870693667304075436e-02 8.699999999999999400e-02 8.886590242185304911e-01 -1.138446058591400245e+00 -1.202048809437834299e-02 3.796039978831235867e-02 -1.540111217638649777e+00 -6.081750095766330633e-02 -1.251564718346474120e-02 1.942068638976602452e-02 7.407352663300108553e-01 3.762924081071084004e-01 -2.423599206585587418e-01 7.850000000000000311e-01 5.500365152136614810e-01
1.739999999999999880e-01 -5.487516505909054848e-02 8.699999999999999400e-02 8.583326096797657678e-01 -7.615285035003083181e-01 -7.448120370564617621e-02 2.186955028284403857e-01 -1.498328493877137291e+00 -7.017017070012451785e-02 -1.789531402049485478e-02 5.117638146423234523e-03 7.308477439331638736e-01 5.683530002687220417e-01 -1.799227661595103889e-01 6.970171345713576105e-01 8.990622676280288772e-01
1.739999999999999880e-01 -5.040212376703569197e-02 8.699999999999999400e-02 6.200891066945637409e-01 0.000000000000000000e+00 -1.270318902036435549e-01 3.957411103152269072e-01 -1.479132568096556355e+00 -7.421690861887382529e-02 -1.350125317905392919e-02 -1.201819297445751167e-01 7.024294900941465691e-01 8.199214303467794451e-01 -1.727950184143591528e-01 5.492124737894833464e-01 1.129913087854298226e+00
1.739999999999999880e-01 -4.025223261610367392e-02 5.344989469691056871e-02 7.148418617859531032e-01 0.000000000000000000e+00 -1.425187902998995837e-01 5.929945711088967508e-01 -1.410862953112239637e+00 -7.306396530462949679e-02 -6.171720919093091895e-03 -1.616895387873493184e-01 6.641159491004965387e-01 1.019028204068753496e+00 -1.692002798838319055e-01 3.883262568498684342e-01 1.286394272155124696e+00
1.739999999999999880e-01 -3.550968797531022653e-02 1.922565663277399708e-02 7.820288811208793156e-01 0.000000000000000000e+00 -1.745191081592259996e-01 7.180054248235504533e-01 -1.235701994079118293e+00 -6.956883407135920627e-02 -1.224704160939843987e-03 -1.903390994071753883e-01 5.826337975604886088e-01 1.225483053814669709e+00 -1.650243276862213004e-01 2.127498987972112066e-01 1.392573351721934749e+00
1.739999999999999880e-01 -2.433546027014327554e-02 2.280236445225577308e-02 8.010360910676949109e-01 0.000000000000000000e+00 -1.924615297666597280e-01 7.721096591353400207e-01 -9.690925398049605732e-01 -6.179181197575128737e-02 3.013685425473231188e-03 -2.160137115045931699e-01 4.834439996629192327e-01 1.417012332511576211e+00 -1.610254807397085708e-01 2.046561294171639345e-02 1.452929227839994120e+00
1.739999999999999880e-01 -1.406789264607829180e-02 7.986878748845230302e-02 7.829433650278445622e-01 0.000000000000000000e+00 -1.986996848365456536e-01 7.222532840931891185e-01 -5.478380031991294530e-01 -4.872673926454394039e-02 5.160383380343126075e-03 -2.188304225781506351e-01 3.424773059637704620e-01 1.598278170113897723e+00 -1.575136126580515550e-01 -1.772223617906058257e-01 1.471779263757335698e+00
1.739999999999999880e-01 -8.876453064667210249e-03 8.699999999999999400e-02 7.284081109538906862e-01 0.000000000000000000e+00 -1.897911022763805466e-01 5.865144545277257704e-01 0.000000000000000000e+00 -2.823772803925687566e-02 6.408262827881241498e-03 -1.975642107204950981e-01 1.562855567567113524e-01 1.746594465675162411e+00 -1.509457733582429406e-01 -3.620424061603713661e-01 1.439096140938223023e+00
1.739999999999999880e-01 -2.241165215017409517e-03 8.699999999999999400e-02 1.046999999999999931e+00 -9.724921995931374852e-01 -1.692196611214972501e-01 6.800609295396490284e-01 0.000000000000000000e+00 -5.150950315159706985e-03 1.165492103905139964e-02 -1.530654489808037089e-01 -5.893805632517860882e-02 1.848323527743559680e+00 -1.373245670090912918e-01 -5.280084487106821989e-01 1.377213734817883228e+00
1.533375684242083148e-01 4.205415393709183852e-03 8.699999999999999400e-02 1.046999999999999931e+00 -1.497697312934771929e+00 -1.565991121203620662e-01 7.773788780608429372e-01 0.000000000000000000e+00 1.740747459310842266e-02 2.435520257002770500e-02 -1.005600140985857538e-01 -2.774035559889088676e-01 1.907253377206716394e+00 -1.201844485151341846e-01 -6.655841558335147123e-01 1.299657234834292296e+00
5.560915955880542383e-02 1.293994697595078798e-02 8.699999999999999400e-02 1.046999999999999931e+00 -1.835324403107039259e+00 -1.712267260027095228e-01 9.309006955298833041e-01 0.000000000000000000e+00 3.853324090679836889e-02 3.980037159341664327e-02 1.412480712331703678e-02 -4.924865944555577024e-01 1.899918965007908689e+00 -1.052344856734705042e-01 -7.588151991343975444e-01 1.209843009544661285e+00
-3.091401616265738311e-02 1.922868584989367510e-02 8.699999999999999400e-02 1.046999999999999931e+00 -2.115983657422512820e+00 -2.198111957517180359e-01 1.046999999999999931e+00 0.000000000000000000e+00 5.818624768503875139e-02 5.838960506079903662e-02 4.716655509158899917e-02 -6.767018479259930830e-01 1.872898522470769933e+00 -9.736221210241430279e-02 -7.850000000000000311e-01 1.107934783337395146e+00
-1.233405939867591589e-01 1.536522674721381258e-02 8.699999999999999400e-02 1.046999999999999931e+00 -2.315935200682121664e+00 -3.972147397105715849e-01 1.046999999999999931e+00 0.000000000000000000e+00 7.963413022731842539e-02 7.510919363960540107e-02 8.549208474172634298e-02 -7.850000000000000311e-01 1.792075877129859940e+00 -9.368712289552226513e-02 -7.600871237595119290e-01 9.935402252507881116e-01
-1.739999999999999880e-01 1.093126999554878444e-02 8.699999999999999400e-02 9.761405557855544757e-01 -2.355999999999999872e+00 -7.850000000000000311e-01 1.046999999999999931e+00 -7.030167320428786226e-01 1.017809855815746400e-01 8.946691712006678288e-02 8.699999999999999400e-02 -7.850000000000000311e-01 1.680389145283149865e+00 -1.013821222424751423e-01 -6.473648836792305072e-01 8.251076592788004760e-01
-1.739999999999999880e-01 7.536621645162737762e-03 8.699999999999999400e-02 6.155930802379574462e-01 -2.355999999999999872e+00 -7.850000000000000311e-01 1.046999999999999931e+00 -1.299480972992843597e+00 1.252571251066967872e-01 9.929730176355497373e-02 8.699999999999999400e-02 -7.850000000000000311e-01 1.527251865958437094e+00 -1.099598964686296504e-01 -4.651338072206237517e-01 5.816753272742403169e-01
-1.739999999999999880e-01 8.898640804082681710e-03 8.699999999999999400e-02 3.220548934627057713e-01 -2.355999999999999872e+00 -7.850000000000000311e-01 1.046999999999999931e+00 -1.725279645563688291e+00 1.497844905282242345e-01 1.047827189784810431e-01 8.699999999999999400e-02 -7.850000000000000311e-01 1.333826131439961316e+00 -1.448491334908770245e-01 -3.661843773544325442e-01 5.808518028183922155e-01
-1.739999999999999880e-01 1.324110984334131609e-02 8.699999999999999400e-02 1.573458870739856408e-01 -2.301873410463983305e+00 -7.850000000000000311e-01 1.046999999999999931e+00 -2.042704854194384190e+00 1.673313121529689806e-01 1.067618997098062489e-01 8.699999999999999400e-02 -7.850000000000000311e-01 1.092491794403883887e+00 -1.625670557884097978e-01 -2.345095904096840822e-01 5.493516100920468048e-01
-1.739999999999999880e-01 1.792270657596795741e-02 8.699999999999999400e-02 1.074013406064782128e-01 -2.158989436319090238e+00 -7.850000000000000311e-01 1.046999999999999931e+00 -2.240110703031923833e+00 1.727478719161214260e-01 9.401650682620316113e-02 8.699999999999999400e-02 -7.850000000000000311e-01 8.093963372822265967e-01 -2.016102399433271908e-01 5.727760557768395849e-02 1.970439508521852900e-01
-1.739999999999999880e-01 2.243405181311803470e-02 8.699999999999999400e-02 9.262467159016626872e-02 -2.016198857485165696e+00 -6.760522971901443690e-01 5.275596147046247575e-01 -2.348197338776367715e+00 1.695695766546912453e-01 8.291022899973948812e-02 8.699999999999999400e-02 -7.491763721255622066e-01 6.049733471570144516e-01 -2.173191419294486504e-01 2.821413400068639721e-01 0.000000000000000000e+00
-1.739999999999999880e-01 2.400151491905737344e-02 8.699999999999999400e-02 9.722460888506366528e-02 -1.880609944094485897e+00 -3.420156559390613582e-01 9.877381142081498658e-03 -2.355999999999999872e+00 1.628829582989667624e-01 8.079402951787341414e-02 8.699999999999999400e-02 -6.832823989977094836e-01 6.999444527187694831e-01 -2.080790806292547590e-01 4.003104833125511464e-01 0.000000000000000000e+00
-1.739999999999999880e-01 2.867725129100638995e-02 8.699999999999999400e-02 1.773081328033841442e-01 -1.793483530167103268e+00 -2.048403011744383273e-01 -1.858360988582398454e-01 -2.278225200002509609e+00 1.479915371886890429e-01 8.719157042742269048e-02 8.699999999999999400e-02 -6.071039865996358253e-01 8.749647381466356677e-01 -1.856310070859337191e-01 5.299674160362295439e-01 0.000000000000000000e+00
-1.739999999999999880e-01 2.873854750270178268e-02 8.699999999999999400e-02 3.101868972358790000e-01 -1.693211394876525944e+00 -1.368094085066297871e-01 -2.405979245610944950e-01 -2.128490627274801206e+00 1.198631664124066021e-01 8.270314837713478584e-02 8.699999999999999400e-02 -4.478627943848036974e-01 8.754575000624456038e-01 -1.650539792983369280e-01 6.519448798413889357e-01 0.000000000000000000e+00
-1.739999999999999880e-01 2.241214497593867205e-02 8.699999999999999400e-02 4.533537857936392190e-01 -1.535186816007088950e+00 -8.519651397161717710e-02 -1.852492451574487276e-01 -2.018592017050523602e+00 8.362406827944911247e-02 6.732014982500332534e-02 8.699999999999999400e-02 -2.423876961225165938e-01 8.320228900807666861e-01 -1.453761977087533463e-01 7.590478196751087037e-01 0.000000000000000000e+00
3.812429806992723852e-02 1.111863251198457088e-02 8.699999999999999400e-02 3.526876153270616099e-01 -1.517757353828551814e+00 8.699999999999999400e-02 -4.756111684288824026e-01 -1.861622190880306782e+00 4.218669940855493405e-02 5.004199076700097809e-02 8.699999999999999400e-02 -1.124477060428328602e-03 7.214485922386995043e-01 -1.663001460708231072e-01 7.850000000000000311e-01 0.000000000000000000e+00
1.739999999999999880e-01 -9.242307988504054606e-03 8.699999999999999400e-02 3.751797531567625521e-01 -1.590459710851531483e+00 8.699999999999999400e-02 -5.675341493110347413e-01 -1.776455166864763235e+00 -4.478221127739207994e-04 2.997980361169035393e-02 8.699999999999999400e-02 2.511105652571230529e-01 5.812188361084213994e-01 -2.187932388163350839e-01 7.850000000000000311e-01 0.000000000000000000e+00
1.739999999999999880e-01 -3.459218169959287631e-02 8.699999999999999400e-02 6.207162618121944142e-01 -1.590055275058606554e+00 8.699999999999999400e-02 -3.922583402471853109e-01 -1.788958826249952061e+00 -3.545785586546972706e-02 1.073887777273670879e-02 8.699999999999999400e-02 5.001700838782240366e-01 3.965957237785566747e-01 -2.941596357378473692e-01 7.850000000000000311e-01 0.000000000000000000e+00
1.739999999999999880e-01 -4.594207492736776532e-02 8.699999999999999400e-02 8.000151208534149738e-01 -1.474359059998248789e+00 8.699999999999999400e-02 -1.765589388468647714e-01 -1.732648978381683413e+00 -5.640953739182626853e-02 -4.896722056334734674e-03 7.799487583824545045e-02 7.133087742681399890e-01 2.245861859403461835e-01 -3.712986458168496262e-01 7.850000000000000311e-01 0.000000000000000000e+00
1.739999999999999880e-01 -4.762890073139131042e-02 8.699999999999999400e-02 8.963527197436348404e-01 -1.267909212592194024e+00 -1.924120277189026807e-03 6.889902552078175542e-03 -1.525226533119695027e+00 -6.381328575803320302e-02 -1.415513160028544597e-02 5.617957128919402743e-02 7.850000000000000311e-01 2.050624914574719071e-01 -1.867774691312922564e-01 7.850000000000000311e-01 7.221567325328708264e-01
1.739999999999999880e-01 -5.445163735747533124e-02 8.699999999999999400e-02 9.073123520058057334e-01 -9.695431871383997091e-01 -5.050220687381769269e-02 1.796176452218727626e-01 -1.524514751165807702e+00 -6.484982330539837414e-02 -1.530800095893948380e-02 4.225425190064120012e-02 7.850000000000000311e-01 3.839459398591174022e-01 -1.562844088947239474e-01 6.613434536120375018e-01 1.003809530971217612e+00
1.739999999999999880e-01 -5.598176159759236242e-02 8.699999999999999400e-02 8.018654775986826522e-01 -4.827613633168326146e-01 -1.078386225571285884e-01 3.111432480029184267e-01 -1.517348030253754310e+00 -6.214455877800476036e-02 -4.788841152965924927e-03 -2.223924023128527605e-02 7.431482552162288480e-01 6.441330370002251726e-01 8.699999999999999400e-02 4.995460805537438875e-01 1.320756446702878506e+00
1.739999999999999880e-01 -4.837349095752129652e-02 8.599452255137735035e-02 6.786422478456186624e-01 0.000000000000000000e+00 -1.272896877146466876e-01 5.057972463410164154e-01 -1.488989102911823181e+00 -5.686667845262172172e-02 9.543654811179783440e-03 -3.761944015979611089e-02 6.757172042913618393e-01 8.511022435974506806e-01 -1.373821974708366589e-01 3.045771475734936895e-01 1.383809470526239593e+00
1.739999999999999880e-01 -4.399954339147151006e-02 4.697831581757495878e-02 7.542700847115550999e-01 0.000000000000000000e+00 -1.585881284448136253e-01 6.663383846219741447e-01 -1.380950620617304558e+00 -4.983995263542338044e-02 1.928332074827960457e-02 -6.048975804668108025e-02 5.738907667295237713e-01 1.065085768363033480e+00 -1.317233331960894205e-01 9.492572267354039417e-02 1.482379772065328893e+00
1.739999999999999880e-01 -3.989627720723216281e-02 3.108565082247034123e-02 7.838894854476833318e-01 0.000000000000000000e+00 -1.806540441486340076e-01 7.687959882984587434e-01 -1.191051174366001497e+00 -3.758303105238033903e-02 1.860255046788975367e-02 -1.026259178686723950e-01 4.471073950540701558e-01 1.281437675975769075e+00 -1.322393451011686927e-01 -1.145596392802450125e-01 1.505871626018279841e+00
1.739999999999999880e-01 -3.230748436663383183e-02 6.403646975835594612e-02 7.729713070588112300e-01 0.000000000000000000e+00 -1.862649738148390577e-01 8.144266347983788457e-01 -9.330667771059992788e-01 -2.222570850141821625e-02 2.836377334201403699e-02 -1.169846906017197596e-01 3.058100868258719629e-01 1.454779159814751921e+00 -1.266449710723498989e-01 -3.096541132409086350e-01 1.486566918375019419e+00
1.739999999999999880e-01 -2.441838708760328894e-02 8.699999999999999400e-02 7.305647227389500120e-01 0.000000000000000000e+00 -1.840344829085009404e-01 7.637564790446311758e-01 -5.300114882791824300e-01 -4.643125782782978961e-04 3.675285970400925251e-02 -1.116634143410926705e-01 1.287768703480424437e-01 1.596500101518907755e+00 -1.189498993147571626e-01 -4.778627832462623570e-01 1.412656697448012366e+00
1.272080266209483224e-01 -1.982983897396446010e-02 8.699999999999999400e-02 1.046999999999999931e+00 -9.547912464450520886e-01 -1.676190147706431155e-01 6.737767662451070727e-01 0.000000000000000000e+00 2.458463682290671845e-02 5.008221523317120394e-02 -7.378512161746289370e-03 -7.737152581445233546e-02 1.668050907552529161e+00 -1.051333040434712235e-01 -6.093868287729856670e-01 1.303766611713832013e+00
1.192202741127859275e-02 -1.370505021966101321e-02 8.699999999999999400e-02 1.046999999999999931e+00 -1.402576052632351633e+00 -1.458083720435696118e-01 8.769394741218173861e-01 0.000000000000000000e+00 4.769303690082284802e-02 6.637281521895503633e-02 5.103177758152713760e-03 -2.714923961205038538e-01 1.727522045532518646e+00 -9.204767195086963061e-02 -7.035021577744039467e-01 1.192155237484689323e+00
-9.377246877296560590e-02 -7.795559143849246399e-03 8.699999999999999400e-02 1.046999999999999931e+00 -1.761829815398343158e+00 -1.511025688240160703e-01 1.037305950908994800e+00 0.000000000000000000e+00 7.015100115963293637e-02 8.539687050380888322e-02 2.679201292061065762e-02 -4.713004814055264946e-01 1.752382329728549237e+00 -7.956952903518456355e-02 -7.585361971738882048e-01 1.086913626632652452e+00
-1.739999999999999880e-01 4.747227549764001381e-03 8.699999999999999400e-02 1.046999999999999931e+00 -2.026891962506090827e+00 -2.587959004385185779e-01 1.046999999999999931e+00 0.000000000000000000e+00 9.122377161486495967e-02 1.044049024957668520e-01 6.147029984221400595e-02 -6.623015275427415194e-01 1.729194611197712561e+00 -7.037286968584451075e-02 -7.515864873881119568e-01 9.679721238624789947e-01
-1.739999999999999880e-01 3.056491940660485424e-03 8.699999999999999400e-02 1.046999999999999931e+00 -2.259829947972743724e+00 -5.159441543129444918e-01 1.046999999999999931e+00 -3.228218699222464849e-01 1.124796453048713257e-01 1.196068956551835927e-01 8.699999999999999400e-02 -7.850000000000000311e-01 1.663971203504132745e+00 -6.690706631162796070e-02 -6.931279357414936726e-01 8.372384248342559232e-01
-1.739999999999999880e-01 8.596756219698308476e-04 8.699999999999999400e-02 9.119869282250031572e-01 -2.355999999999999872e+00 -7.850000000000000311e-01 1.046999999999999931e+00 -1.031764550869009867e+00 1.352312408733166993e-01 1.321102460544316404e-01 8.699999999999999400e-02 -7.850000000000000311e-01 1.570914987347729053e+00 -6.668049307397247438e-02 -5.636280062127634327e-01 6.466070572667259597e-01
-1.739999999999999880e-01 3.126166775042358518e-03 8.699999999999999400e-02 5.557808614203288977e-01 -2.355999999999999872e+00 -7.850000000000000311e-01 1.046999999999999931e+00 -1.520036937292768009e+00 1.595555639751963239e-01 1.400553094449200064e-01 8.699999999999999400e-02 -7.850000000000000311e-01 1.438066991946319817e+00 -9.115120926029642023e-02 -5.106256508989091003e-01 6.770402226382898903e-01
-1.739999999999999880e-01 4.761739732009933647e-03 8.699999999999999400e-02 2.939927678115621390e-01 -2.313483161858653769e+00 -7.850000000000000311e-01 1.046999999999999931e+00 -1.865504156189432550e+00 1.739999999999999880e-01 1.405505301315519984e-01 8.699999999999999400e-02 -7.850000000000000311e-01 1.247125202437221247e+00 -1.067934615760105510e-01 -4.236142887421849301e-01 7.457465574800767882e-01
-1.739999999999999880e-01 9.513415791970842098e-03 8.699999999999999400e-02 1.519972302758406113e-01 -2.188419913196693933e+00 -7.850000000000000311e-01 1.046999999999999931e+00 -2.117110325915326996e+00 1.739999999999999880e-01 1.282443533272998870e-01 8.699999999999999400e-02 -7.850000000000000311e-01 9.910742708657203082e-01 -1.324442643385210783e-01 -2.619938528058866067e-01 6.695438520887329048e-01
-1.739999999999999880e-01 1.404927092732462766e-02 8.699999999999999400e-02 1.086660640228200164e-01 -2.048311154893955432e+00 -7.850000000000000311e-01 1.046999999999999931e+00 -2.247749385672869415e+00 1.739999999999999880e-01 1.121769030771950226e-01 8.699999999999999400e-02 -7.850000000000000311e-01 7.604990354758207616e-01 -1.575036992955354265e-01 -4.641582626404888723e-02 4.933545581854215101e-01
-1.739999999999999880e-01 2.008080908563724190e-02 8.699999999999999400e-02 1.329363297900059970e-01 -1.921333364125689336e+00 -4.904131520328870453e-01 4.345597306378801150e-01 -2.355999999999999872e+00 1.632947571232723494e-01 1.052219478725224672e-01 8.699999999999999400e-02 -7.737732398864327621e-01 6.346585898631058598e-01 -1.648233632358387102e-01 2.054478518950743349e-01 2.482746795412760221e-01
-1.739999999999999880e-01 2.381662517078275004e-02 8.699999999999999400e-02 2.017400827048126399e-01 -1.828201729827242161e+00 -2.718987198482190060e-01 1.257517717599998877e-02 -2.355999999999999872e+00 1.525212344209489757e-01 1.086493768598339738e-01 8.699999999999999400e-02 -7.437886924677810097e-01 8.342372352135303260e-01 -1.459744660639562541e-01 4.005124389090448100e-01 1.159215226854364289e-01
-1.739999999999999880e-01 2.740905208964323700e-02 8.699999999999999400e-02 3.241673186229979131e-01 -1.734757930472452081e+00 -1.869836126489512196e-01 -1.612598689089517756e-01 -2.253775410227245146e+00 1.341560887540748648e-01 1.157091455364987476e-01 8.699999999999999400e-02 -6.630721716392277143e-01 9.890555916426055916e-01 -1.277098943514540785e-01 5.816054464702922200e-01 0.000000000000000000e+00
-1.739999999999999880e-01 2.174874329069318921e-02 8.699999999999999400e-02 4.567199010236073775e-01 -1.587782196815758162e+00 -1.421796706734610449e-01 -1.745470775578402967e-01 -2.122600561722126855e+00 1.013342845385523383e-01 1.066176895874794694e-01 8.699999999999999400e-02 -5.135582078692436658e-01 1.016537104739026809e+00 -1.024605428910127652e-01 7.083346913468757666e-01 0.000000000000000000e+00
-6.485659092318935004e-02 1.073410749050817195e-02 8.699999999999999400e-02 4.880758172843895348e-01 -1.595912383028606385e+00 -3.389066168697106862e-01 -3.826323147104366829e-01 -1.922020697780586040e+00 5.988774552826766490e-02 8.189903757051709976e-02 8.699999999999999400e-02 -3.280471239249844184e-01 1.016023259943931834e+00 -8.632173169672466284e-02 7.850000000000000311e-01 0.000000000000000000e+00
1.739999999999999880e-01 -6.337034513142870279e-03 8.699999999999999400e-02 3.343532572556288107e-01 -1.702936448376616951e+00 8.699999999999999400e-02 -6.492616375743531787e-01 -1.827758741264129405e+00 1.464154016139218757e-02 5.489877820630102712e-02 8.699999999999999400e-02 -1.196861155300442403e-01 9.781176335716352810e-01 -1.279030130788035569e-01 7.850000000000000311e-01 0.000000000000000000e+00
1.739999999999999880e-01 -2.974747028036365398e-02 8.699999999999999400e-02 5.714105298827750756e-01 -1.731918787947876126e+00 8.699999999999999400e-02 -4.900674601418061882e-01 -1.812395098917390257e+00 -2.295004834345496306e-02 2.637803966143080145e-02 8.699999999999999400e-02 1.027337364339778458e-01 8.872412694064824024e-01 -1.479247463959954267e-01 7.182713386294903302e-01 5.135722366120880622e-01
1.739999999999999880e-01 -4.551717176604696408e-02 8.699999999999999400e-02 7.897659988854862645e-01 -1.672984255161737543e+00 8.699999999999999400e-02 -2.714227241077523112e-01 -1.782828234503272213e+00 -4.764790464181610508e-02 3.625681597395086914e-04 8.699999999999999400e-02 3.297837509416347568e-01 7.197430796672783515e-01 -1.544249165129531476e-01 6.948746010473243473e-01 7.426762840150011868e-01
1.739999999999999880e-01 -6.402842198100953952e-02 8.699999999999999400e-02 9.187924513583786146e-01 -1.504880114160383364e+00 -2.610951120988749125e-02 -5.006913157557800476e-02 -1.614776348701219888e+00 -6.087670686944735010e-02 -2.006662764031077670e-02 7.655532660733856132e-02 5.553814900918033759e-01 4.878451270347090585e-01 -1.591514749055255029e-01 6.521128473137892678e-01 9.272819713168853895e-01
1.739999999999999880e-01 -7.560977393067024044e-02 8.699999999999999400e-02 9.716484663137039401e-01 -1.275095138579214193e+00 -5.041192401662153433e-02 1.162378546260728063e-01 -1.533213273050430203e+00 -6.064653697234437257e-02 -3.174858339684742681e-02 5.294257347917069589e-02 6.621039863925122226e-01 4.210203776765553130e-01 -1.687364814294904092e-01 5.702153479100163791e-01 1.083137363935668063e+00
1.739999999999999880e-01 -7.624374220520896417e-02 8.699999999999999400e-02 9.621435780511571334e-01 -9.862171216520643213e-01 -1.142799326899803930e-01 2.485906131971990507e-01 -1.554243451846256008e+00 -5.228855720398748602e-02 -3.054715264815814277e-02 3.317545485550925377e-02 6.916718869721706353e-01 4.683321896298924258e-01 -1.747238423937040319e-01 4.489760917060462986e-01 1.231761872470463537e+00
1.739999999999999880e-01 -7.150657831224004057e-02 8.699999999999999400e-02 8.475897546822729334e-01 -5.214572982186718164e-01 -1.354331026018701090e-01 4.150115904441696868e-01 -1.532877545983989620e+00 -4.231284091526681806e-02 -2.258482513283101289e-02 1.877252707686909161e-02 6.534823193165191224e-01 6.291142569053738143e-01 -1.831310134980904669e-01 2.843503175661363236e-01 1.348501603472746169e+00
1.739999999999999880e-01 -6.427746670681802610e-02 8.699999999999999400e-02 6.851618185738445055e-01 0.000000000000000000e+00 -1.588363179559588723e-01 5.693862744176121371e-01 -1.466488129774550231e+00 -3.332227389857528310e-02 -1.069088919002573849e-02 5.367116207045607990e-03 5.973491306549943980e-01 8.083925247321248619e-01 -1.901882616248266045e-01 7.558390788689790807e-02 1.439683040767000932e+00
1.739999999999999880e-01 -5.919943174276388193e-02 6.594658998385098669e-02 7.275124594465164352e-01 0.000000000000000000e+00 -1.614642949779103165e-01 7.057418533743482492e-01 -1.357972932666736909e+00 -2.385883424750856463e-02 7.140706693417474184e-04 -9.020866386128570391e-02 5.113681256478552761e-01 1.021440848444733263e+00 -1.986711873124295258e-01 -1.325953071995457089e-01 1.457601085513595685e+00
1.739999999999999880e-01 -5.224326094215717142e-02 7.093519833874939451e-02 7.468031124381663277e-01 0.000000000000000000e+00 -1.672906657598110525e-01 7.928798841267852282e-01 -1.188489552380490366e+00 -9.991720388544228851e-03 1.253123891993901742e-02 -1.077244520061272359e-01 4.101464631289842289e-01 1.187162058574517509e+00 -1.999617472243173377e-01 -3.188715694113776755e-01 1.418623899991613868e+00
1.739999999999999880e-01 -4.183277282233101996e-02 8.699999999999999400e-02 7.510764022263319850e-01 0.000000000000000000e+00 -1.612344744251007767e-01 8.342027522164602304e-01 -9.628545493623885676e-01 4.608228080501112524e-03 2.814001257301308387e-02 -1.217191431619139841e-01 2.993205350595863901e-01 1.338918750887373221e+00 -1.905238098319951556e-01 -4.651286812528561687e-01 1.334564142107542040e+00
1.433854041355412112e-01 -3.408377802213572588e-02 8.699999999999999400e-02 1.038189128005832407e+00 -6.547741357427607767e-01 -1.519947637691608511e-01 8.229771255774361860e-01 -6.000335073275433473e-01 2.202276674111122018e-02 4.256573834411467999e-02 -1.996614110833848724e-02 1.492134590246072257e-01 1.433932481691585714e+00 -1.765454786250391095e-01 -5.695022320327669529e-01 1.208157899143355252e+00
5.087643632962239593e-02 -3.027257803536400130e-02 8.699999999999999400e-02 1.046999999999999931e+00 -1.579924848877999111e+00 -1.346538386083006023e-01 7.382507389465359227e-01 0.000000000000000000e+00 3.983013247646693261e-02 6.010315103338044473e-02 -1.378891699496562033e-02 -1.167487250986901440e-02 1.534611146063092235e+00 -1.610172302206313300e-01 -6.430116617027642478e-01 1.068959982807157871e+00
-4.445342733668707774e-02 -2.149114460557231474e-02 8.699999999999999400e-02 1.046999999999999931e+00 -1.762764132584071497e+00 -1.088517509878273587e-01 9.006448634657089336e-01 0.000000000000000000e+00 5.887748675792991299e-02 7.980511673869275513e-02 6.753035596190529568e-04 -1.891212741048710622e-01 1.608918918214511606e+00 -1.463444072407673047e-01 -7.023582262688550237e-01 9.750333310843046775e-01
-1.369872173929834180e-01 -8.428110971745516461e-03 8.699999999999999400e-02 1.046999999999999931e+00 -1.916737955777353619e+00 -1.211503796057972066e-01 1.033821753969309754e+00 0.000000000000000000e+00 7.814449824895530750e-02 1.009039592763640858e-01 2.358270366169433821e-02 -3.762175181228513687e-01 1.652811687478473068e+00 -1.287242630960283019e-01 -7.180549005467761203e-01 8.992756151834102596e-01
-1.739999999999999880e-01 -8.863568924587601414e-04 8.699999999999999400e-02 1.046999999999999931e+00 -2.200066847195902398e+00 -1.937344029981040994e-01 1.046999999999999931e+00 0.000000000000000000e+00 9.692269944804929316e-02 1.181905061359643377e-01 5.568397574378859682e-02 -5.643897927266430248e-01 1.658861558994242813e+00 -1.124964758227438300e-01 -6.751306416648575892e-01 8.121087459514750861e-01
-1.739999999999999880e-01 3.163419688717965250e-03 8.699999999999999400e-02 1.046999999999999931e+00 -2.355999999999999872e+00 -4.904691086223283980e-01 1.046999999999999931e+00 -7.491070182300818558e-01 1.164899305104408755e-01 1.312466211823498374e-01 8.699999999999999400e-02 -7.342474911372317559e-01 1.621941166010479662e+00 -9.454914784451044774e-02 -5.511220930947813290e-01 6.536066898571863959e-01
-1.739999999999999880e-01 8.780426233323933988e-03 8.699999999999999400e-02 6.782419384963801479e-01 -2.355999999999999872e+00 -6.193724472249327873e-01 1.046999999999999931e+00 -1.298395493250896315e+00 1.372942262449169393e-01 1.390783218565223578e-01 8.699999999999999400e-02 -7.850000000000000311e-01 1.556945202111491788e+00 -1.165831772065944044e-01 -4.811831144004614091e-01 6.249251602078462753e-01
-1.739999999999999880e-01 1.383318512363099391e-02 8.699999999999999400e-02 3.946539899086993763e-01 -2.355999999999999872e+00 -6.649304247012943758e-01 1.046999999999999931e+00 -1.700993331463523717e+00 1.531867678533874177e-01 1.434332438731038273e-01 8.699999999999999400e-02 -7.850000000000000311e-01 1.442980633445311689e+00 -1.342344569266312737e-01 -4.180828274904974107e-01 7.018615202452238577e-01
-1.739999999999999880e-01 1.847647393819735681e-02 8.699999999999999400e-02 2.518206677973968688e-01 -2.247998550784625849e+00 -5.910404158376505457e-01 1.046999999999999931e+00 -2.037937577249593346e+00 1.582508920908080041e-01 1.382323895544790571e-01 8.699999999999999400e-02 -7.850000000000000311e-01 1.254732943947878709e+00 -1.564993791729011596e-01 -2.989246745035243902e-01 6.693544720386004343e-01
-1.739999999999999880e-01 1.869658000474557630e-02 8.699999999999999400e-02 2.163233500565766021e-01 -2.085637691313230846e+00 -4.995987904091858667e-01 1.046999999999999931e+00 -2.290210810660609830e+00 1.486034442594076355e-01 1.240952657775582085e-01 8.699999999999999400e-02 -7.850000000000000311e-01 1.001110643837694880e+00 -1.780604547705138541e-01 -1.176864130397381886e-01 5.647407749328188231e-01
-1.739999999999999880e-01 2.310801763797309949e-02 8.699999999999999400e-02 2.555475635134378809e-01 -1.933794945090164141e+00 -4.949588808829846753e-01 9.551100593927374094e-01 -2.355999999999999872e+00 1.309013863763783814e-01 1.150889849838441226e-01 8.699999999999999400e-02 -7.850000000000000311e-01 8.710907172794364328e-01 -1.935569726001914459e-01 9.998823816215889060e-02 4.058456734253219622e-01
-1.739999999999999880e-01 2.868602778013011959e-02 8.699999999999999400e-02 3.377425391923208342e-01 -1.801955373451248121e+00 -3.261769897169999877e-01 4.011095438276739422e-01 -2.355999999999999872e+00 1.122199865412702030e-01 1.119360835079256794e-01 8.699999999999999400e-02 -7.514568446700630178e-01 8.214444355104948414e-01 -1.933060850285167609e-01 3.154435258321892088e-01 2.417506300573553091e-01
-1.739999999999999880e-01 3.130732137742128773e-02 8.699999999999999400e-02 4.453598564814642002e-01 -1.672152663763367464e+00 -2.014341262436502578e-01 1.643008134658340003e-01 -2.341675343067874504e+00 1.006129443778725902e-01 1.066598522485683459e-01 8.699999999999999400e-02 -6.952329753799341150e-01 9.523585004966683698e-01 -1.758983115951303633e-01 4.857612551583367910e-01 1.401612775746778894e-01
-1.739999999999999880e-01 2.947837015900992355e-02 8.699999999999999400e-02 5.583224176948244910e-01 -1.541637263804969571e+00 -1.491495898324199099e-01 7.139523828230856517e-02 -2.222765995142212958e+00 8.148923156525537947e-02 1.072443210774252920e-01 8.699999999999999400e-02 -6.127836657682288468e-01 1.079858778579978917e+00 -1.613814736653657322e-01 6.799949957227882091e-01 0.000000000000000000e+00
-1.417048296437825941e-02 1.675757038090502915e-02 8.699999999999999400e-02 5.184311005702584296e-01 -1.691153355007794623e+00 -1.067378454771028551e-01 -1.855794677358370004e-01 -2.079099825540738244e+00 5.113675853698663315e-02 9.182747905233587526e-02 8.699999999999999400e-02 -4.797676019844536732e-01 1.134940059552972613e+00 -1.368293717005312771e-01 7.850000000000000311e-01 0.000000000000000000e+00
1.739999999999999880e-01 -1.634511484423984383e-03 8.699999999999999400e-02 3.899070203761707543e-01 -1.793961993869523042e+00 8.699999999999999400e-02 -4.805781292154964190e-01 -1.931612095770434578e+00 1.554413718646250296e-02 6.258267427718919307e-02 8.699999999999999400e-02 -3.231956278721002107e-01 1.150474345118283281e+00 -1.472445108000773606e-01 7.850000000000000311e-01 0.000000000000000000e+00
1.739999999999999880e-01 -3.003715552050708476e-02 8.699999999999999400e-02 5.380975809077880312e-01 -1.825775654890739119e+00 8.699999999999999400e-02 -3.508421079930439390e-01 -1.838996029019453360e+00 -1.371141775452433022e-02 3.336566474438345392e-02 8.699999999999999400e-02 -1.413575413934839708e-01 1.105559298292960513e+00 -1.499697514629132755e-01 7.333649952015728335e-01 4.167693183329443940e-01
1.739999999999999880e-01 -4.789252370567321365e-02 8.699999999999999400e-02 7.262055993905103257e-01 -1.825417450286715315e+00 8.699999999999999400e-02 -1.717691762126181965e-01 -1.716133644151207172e+00 -3.457551938192275631e-02 4.999202901369521890e-03 8.699999999999999400e-02 4.054720610881357851e-02 1.021092787367457788e+00 -1.547373725770475883e-01 6.429029255811433696e-01 7.149594723563144072e-01
6.093338465767064033e-02 9.039792665901311142e-02 8.699999999999999400e-02 5.569688038774656125e-01 -2.120475704209221490e+00 -2.260086906536372675e-01 9.136554264711815865e-01 0.000000000000000000e+00 3.753787866264881451e-02 -5.909266775181155895e-02 8.699999999999999400e-02 -5.263055633214339668e-01 1.109516329798688972e+00 -1.897179315514017084e-01 -6.350092895721287656e-01 1.424841604440756804e+00
