-4.707667298917433268e-02 1.296621925467084935e-01 8.699999999999999400e-02 7.415002638675309843e-01 -1.633486865950230182e+00 -4.413328207530874125e-02 1.046999999999999931e+00 -7.299617837515874896e-01 5.796728653138082110e-02 -3.468557897846278465e-02 8.699999999999999400e-02 7.176368882689310169e-01 0.000000000000000000e+00 -1.646377256195765970e-01 -6.537342567743039679e-01 1.031570310276181957e+00
-6.149714770868106722e-02 1.107451219320394475e-01 8.699999999999999400e-02 8.773532448392690197e-01 -1.654727675421828081e+00 -1.085550012683480781e-01 1.046999999999999931e+00 -1.112332926940449163e+00 6.005713444843109594e-02 -1.421512129649367753e-02 8.699999999999999400e-02 4.522356679955231717e-01 4.892570476613418151e-01 -1.409064486657777837e-01 -6.183108757105576503e-01 1.056210353738247676e+00
-8.109671383980043835e-02 8.782754942529126529e-02 8.699999999999999400e-02 1.018980751371131532e+00 -1.669677892522057228e+00 -1.851845788548873994e-01 1.046999999999999931e+00 -1.427561478192863831e+00 6.302742306568517860e-02 4.744044524268288716e-03 8.699999999999999400e-02 2.678590953199708191e-01 7.893250360566987922e-01 -1.385049012541361979e-01 -5.764688288049373277e-01 1.130289308447437691e+00
-9.297341264126531002e-02 6.991142966842642248e-02 8.699999999999999400e-02 1.046999999999999931e+00 -1.671484700106784516e+00 -2.557713677332797420e-01 1.046999999999999931e+00 -1.711650170853240560e+00 6.500408685270847586e-02 2.158490551335373944e-02 8.699999999999999400e-02 9.225510230605896145e-02 1.045864842329063293e+00 -1.378477059150902129e-01 -5.396313862509876103e-01 1.176943608077365866e+00
-9.658286717919833952e-02 5.318187317227875827e-02 8.699999999999999400e-02 1.046999999999999931e+00 -1.649489347450543875e+00 -3.073652266498337893e-01 1.046999999999999931e+00 -1.947970136503067273e+00 6.577405707418927661e-02 3.280080437147287614e-02 8.699999999999999400e-02 -9.217588534814109835e-02 1.275855473610041813e+00 -1.315053439092165599e-01 -4.889702182629236948e-01 1.215650736616735728e+00
-1.042657276183959897e-01 2.798895579653943796e-02 8.699999999999999400e-02 1.046999999999999931e+00 -1.590194845092366194e+00 -3.687184538285650515e-01 1.046999999999999931e+00 -2.080896974492238982e+00 6.727693347931922030e-02 4.256655621622875557e-02 8.699999999999999400e-02 -2.640589659689887014e-01 1.441848559799975504e+00 -1.092841143600219167e-01 -4.180474206551327288e-01 1.230153685509414174e+00
-1.074336924671246557e-01 -1.007221661185316204e-02 8.699999999999999400e-02 1.046999999999999931e+00 -1.510876480450537684e+00 -4.435302424427322587e-01 1.046999999999999931e+00 -2.098575506465876650e+00 6.840291784763626037e-02 5.616559654563838683e-02 8.699999999999999400e-02 -4.234085013701531786e-01 1.564232065872261046e+00 -8.150036485003306352e-02 -3.413124168701572869e-01 1.226213690778360288e+00
-1.142261494732475929e-01 -4.356911230976626831e-02 8.699999999999999400e-02 1.046999999999999931e+00 -1.402662202775707634e+00 -5.065564990770234921e-01 7.913765895493434233e-01 -2.030247255198853296e+00 7.089750401413612291e-02 7.547915557905918171e-02 8.699999999999999400e-02 -5.630719801633272681e-01 1.627742269238193984e+00 -5.047613169602790245e-02 -2.577047915820844803e-01 1.199710279941877289e+00
-1.142744207586059435e-01 -7.120615593068595206e-02 8.699999999999999400e-02 1.046999999999999931e+00 -1.251027837036813750e+00 -4.708422453769288696e-01 5.548410033389004070e-01 -1.951252384635667525e+00 7.223183595840072801e-02 9.148352499430756346e-02 8.699999999999999400e-02 -6.681888107159551504e-01 1.626344204102842639e+00 -1.816420062796888363e-02 -1.546474360769125589e-01 1.133991495468639421e+00
-1.047082009031480299e-01 -9.278699766424176876e-02 8.699999999999999400e-02 1.046999999999999931e+00 -1.033703179613957523e+00 -4.242556691430922067e-01 4.523788786443481702e-01 -1.804691434912109926e+00 7.108850516047349188e-02 1.017548793293475418e-01 8.699999999999999400e-02 -7.311126314231519707e-01 1.564008146386309583e+00 1.507575973717152629e-02 -2.835199438112541437e-02 1.029494325329458171e+00
-8.112305598280909746e-02 -1.053852544277091852e-01 8.699999999999999400e-02 1.046999999999999931e+00 -7.407771388292898607e-01 -4.217847212392965561e-01 3.740408419904031612e-01 -1.697072858892017422e+00 6.648584941887780708e-02 1.055106715432162640e-01 8.699999999999999400e-02 -7.643607919962162045e-01 1.467349458618659952e+00 4.585109342419214917e-02 1.161792412377777028e-01 8.898210719328636387e-01
-5.736409412654518147e-02 -1.095766678332673050e-01 8.699999999999999400e-02 1.024858101842625491e+00 -2.397296352347195736e-01 -4.643537003509228267e-01 3.143021169896288991e-01 -1.560697149218698954e+00 6.150459641015616763e-02 9.873281562917657350e-02 8.699999999999999400e-02 -7.799463455535382561e-01 1.355427255786455731e+00 6.533745254883407960e-02 2.735285236920003138e-01 7.135112431694921042e-01
-3.708564106149014189e-02 -1.060020578356973969e-01 8.699999999999999400e-02 9.342425018683261362e-01 0.000000000000000000e+00 -3.803947847774254987e-01 3.629838769934720655e-01 -1.523711188374894832e+00 5.717995513556252407e-02 8.720319207703194908e-02 8.699999999999999400e-02 -7.850000000000000311e-01 1.251978184327564136e+00 6.328975388977660377e-02 4.196787549043212162e-01 5.366166885896550554e-01
-2.686251585824125238e-02 -9.783060742188595671e-02 8.699999999999999400e-02 9.410229060834032211e-01 0.000000000000000000e+00 -3.091464687775795084e-01 4.798251133283348291e-01 -1.509065042305310911e+00 5.488731575754301345e-02 7.416879117447625069e-02 8.699999999999999400e-02 -7.850000000000000311e-01 1.175557682250355285e+00 4.481571893172068416e-02 5.556839052042931160e-01 3.489661876745717706e-01
-2.270652320924143250e-02 -8.316454208275360360e-02 8.699999999999999400e-02 9.137577632472608791e-01 0.000000000000000000e+00 -2.970846971231302369e-01 5.505300388679478241e-01 -1.457744818770355444e+00 5.376381120991029217e-02 6.022725117127673833e-02 8.210124865934177729e-02 -7.850000000000000311e-01 1.139259311008594011e+00 1.794487135135634098e-02 7.526537681491894949e-01 0.000000000000000000e+00
-3.045651626462358985e-02 -6.600980254434160588e-02 8.699999999999999400e-02 1.046999999999999931e+00 -4.494279577396298464e-01 -3.016092048819201676e-01 6.627690292071047873e-01 -1.433667073377154821e+00 5.483924725024746233e-02 4.732039451649749928e-02 6.464868379764304729e-02 -7.850000000000000311e-01 1.132519577794214527e+00 -1.395078715386648127e-02 7.359098146238390870e-01 5.368822796171635048e-02
-4.994553573105620092e-02 -4.922860101201077115e-02 8.699999999999999400e-02 1.046999999999999931e+00 -9.332199899448170299e-01 -2.768050983456794012e-01 8.009352312286869280e-01 -1.464226523759872833e+00 5.790673623279096738e-02 3.586466495189988279e-02 5.153133726222471761e-02 -7.765746804721711527e-01 1.130345527137658124e+00 -5.013756049206555959e-02 5.857527114491536402e-01 3.368477799886946400e-01
-7.255392754895195750e-02 -3.312108510530336475e-02 8.699999999999999400e-02 1.046999999999999931e+00 -1.321740661206816547e+00 -2.538384718030941567e-01 9.497770409995421881e-01 -1.493247480664889437e+00 6.165478967507960484e-02 2.575455548684687720e-02 6.276104651972047588e-02 -7.361139620993126798e-01 1.176131803498833506e+00 -8.062347737170391659e-02 4.491368717106852815e-01 5.722341296215756046e-01
-9.145534076220721009e-02 -2.050046847331702879e-02 8.699999999999999400e-02 1.046999999999999931e+00 -1.654044528496981137e+00 -2.709573395197256707e-01 1.046999999999999931e+00 -1.490836476899326080e+00 6.496903977236281880e-02 1.965449651711303689e-02 8.121420135318556388e-02 -6.869384576970520850e-01 1.228764785699606676e+00 -1.052308846036793394e-01 3.004242609302048561e-01 8.009589456523240614e-01
-9.739842803218375089e-02 -3.192668313823645958e-03 8.699999999999999400e-02 1.046999999999999931e+00 -1.951872555966896350e+00 -2.963347918846877538e-01 1.046999999999999931e+00 -1.471529614614908610e+00 6.608900953767021802e-02 1.396508374028517137e-02 8.699999999999999400e-02 -6.387487141335996821e-01 1.267169884479048214e+00 -1.301906010224834487e-01 1.583364895331748345e-01 9.931502396840699021e-01
-9.402240924595382798e-02 1.790768101341881288e-02 8.699999999999999400e-02 1.046999999999999931e+00 -2.186786720045136079e+00 -3.065907294610806799e-01 1.046999999999999931e+00 -1.455964937466153408e+00 6.546193342078951427e-02 1.242517824071501936e-02 8.699999999999999400e-02 -5.767810386402099088e-01 1.293048971549086268e+00 -1.588515426754793514e-01 1.570877648826072767e-02 1.159443290743628729e+00
-8.466926744992755993e-02 4.084250009529963310e-02 8.699999999999999400e-02 9.152316764195761456e-01 -2.307690330778346954e+00 -2.954423430417008611e-01 1.046999999999999931e+00 -1.425139846005849087e+00 6.390264074761989321e-02 3.644583187873796991e-04 8.699999999999999400e-02 -5.003377474962474869e-01 1.294463653726323216e+00 -1.941924914262383450e-01 -1.138173722529333548e-01 1.275702593430863452e+00
-7.314486393931292352e-02 6.005353765710413211e-02 8.699999999999999400e-02 5.620880585751180103e-01 -2.311691154888996458e+00 -2.760009091119935976e-01 1.046999999999999931e+00 -1.352960825214314156e+00 6.193574499471383304e-02 -1.703833087545841146e-02 8.699999999999999400e-02 -4.066325661895536792e-01 1.263087627063373297e+00 -2.334973028081114010e-01 -2.282085123109015845e-01 1.339728082457783742e+00
-5.251554522967233352e-02 8.187137065616981180e-02 8.699999999999999400e-02 2.943922712070949910e-01 -2.239448097893733447e+00 -2.408356518489200571e-01 1.046999999999999931e+00 -1.263995486082331254e+00 5.863585153280839735e-02 -3.982308615953147196e-02 8.699999999999999400e-02 -3.104751408611348129e-01 1.215721866230397907e+00 -2.761092358603827734e-01 -3.187357618448531937e-01 1.346575753387304175e+00
-2.260024577717683822e-02 1.051966810928996049e-01 8.699999999999999400e-02 1.335761388925464643e-01 -2.141163728534765553e+00 -1.945764301979647504e-01 1.046999999999999931e+00 -1.156879539119453959e+00 5.367995902617510307e-02 -5.519568453205878772e-02 8.699999999999999400e-02 -1.923480213252433124e-01 1.134846698258753506e+00 -3.139374680640309445e-01 -3.916762178173224807e-01 1.310411630244923131e+00
8.638936934898849146e-03 1.262722306448455234e-01 8.699999999999999400e-02 6.457593584825604971e-02 -2.050275703200041377e+00 -1.500142015947079632e-01 1.046999999999999931e+00 -9.975071162330806374e-01 4.802654492061306929e-02 -5.885724164128880442e-02 8.667713808561422484e-02 -5.526387190656866649e-02 1.015599642617907250e+00 -3.410830260444945861e-01 -4.409450924515908032e-01 1.236258894033404054e+00
4.648608898772487591e-02 1.411930591271958746e-01 8.699999999999999400e-02 5.336694324682494939e-02 -1.921228273898321071e+00 -1.127629791894404626e-01 1.046999999999999931e+00 -7.956913961124740808e-01 4.068527480911648259e-02 -5.295698641628410891e-02 8.699999999999999400e-02 9.418500810776189724e-02 8.583932941256424698e-01 -3.552424596406410506e-01 -4.718445842159217363e-01 1.138143416599436186e+00
8.838183911375648016e-02 1.389128677123749322e-01 8.330348850697875951e-02 1.103534909869350739e-01 -1.845450055505352793e+00 -8.479035198397306961e-02 1.046999999999999931e+00 -5.070429460277807721e-01 3.247990041142118089e-02 -4.272117634651139556e-02 8.699999999999999400e-02 2.656255216419823872e-01 6.499487114407607180e-01 -3.638078562515703052e-01 -4.879058261288834464e-01 1.029045098104937495e+00
1.235668053520397047e-01 1.272984642550469558e-01 8.502735388096534230e-02 1.909808982542946232e-01 -1.755997250914514751e+00 -6.332382749335394023e-02 8.162031425338978075e-01 0.000000000000000000e+00 2.593719825700386422e-02 -3.221584560290619709e-02 8.699999999999999400e-02 4.506119903747625166e-01 4.094987245230656825e-01 -3.571963219045102833e-01 -5.092477609347479950e-01 9.543832342564710913e-01
1.494225729872676323e-01 1.142670319731843021e-01 8.699999999999999400e-02 2.777648431536481888e-01 -1.660049868533261197e+00 -4.383153548592714360e-02 7.949718352448110759e-01 0.000000000000000000e+00 2.141936445854579832e-02 -2.084193260654730942e-02 8.699999999999999400e-02 7.111769385256605513e-01 0.000000000000000000e+00 -3.385829173286477034e-01 -5.486832256672701247e-01 9.251437264948947359e-01
1.614220664062899768e-01 9.973629279044510243e-02 8.699999999999999400e-02 4.008946395731606271e-01 -1.670732520212840910e+00 -3.900807794275575752e-02 8.999788991251919112e-01 -3.035972059223013275e-01 1.957052918838402683e-02 -9.847830481523656143e-03 8.699999999999999400e-02 7.493938096695185180e-01 0.000000000000000000e+00 -3.089619725397956262e-01 -5.990911107103865652e-01 9.502311707859876222e-01
-4.707667298917433268e-02 1.296621925467084935e-01 8.699999999999999400e-02 7.415002638675309843e-01 -1.633486865950230182e+00 -4.413328207530874125e-02 1.046999999999999931e+00 -7.299617837515874896e-01 5.796728653138082110e-02 -3.468557897846278465e-02 8.699999999999999400e-02 7.176368882689310169e-01 0.000000000000000000e+00 -1.646377256195765970e-01 -6.537342567743039679e-01 1.031570310276181957e+00
