-3.044365054609267374e-02 -4.205240630070306712e-02 8.699999999999999400e-02 1.046999999999999931e+00 -6.767100779886776607e-01 -1.422427810628026923e-01 5.185233008312222225e-01 -1.780591979163742344e+00 5.541131029426561716e-02 -5.911126010021448135e-02 8.699999999999999400e-02 3.702814793899628087e-01 3.580202137455419376e-01 -2.251350956793378155e-01 -6.083088065787589649e-01 8.517312056259616071e-01
-4.244853691006225671e-02 -5.564628737673745634e-02 8.699999999999999400e-02 1.005931713020807416e+00 -4.345899721648436298e-01 -9.593193716506244473e-02 5.702515247692351297e-01 -1.717788908434999762e+00 5.786592219044647128e-02 -4.569197107702057531e-02 8.699999999999999400e-02 5.322291597284529718e-01 9.357001464481840003e-02 -2.247664641663088547e-01 -5.371370752191416686e-01 7.782270004719062939e-01
-6.151259184597269308e-02 -6.645463931798632762e-02 8.699999999999999400e-02 8.564174588084431106e-01 0.000000000000000000e+00 -8.654551563526870217e-02 6.525835996019011542e-01 -1.631897330431643311e+00 6.159701468506922906e-02 -3.696609227469964398e-02 8.699999999999999400e-02 5.677292065913724928e-01 7.280816974286530296e-02 -2.364681550609606109e-01 -4.888280670006064921e-01 7.685311245065165053e-01
-7.557225776899956227e-02 -7.382573643898025784e-02 8.699999999999999400e-02 9.071181989342571583e-01 0.000000000000000000e+00 -1.106775527848882640e-01 7.320831622574952569e-01 -1.562768906598954288e+00 6.428870811051295986e-02 -3.078470253836063097e-02 8.457069357559317269e-02 4.563466159703744029e-01 3.350373386310181445e-01 -2.399837149418315718e-01 -4.544267214910462371e-01 7.721552369106037261e-01
-7.281794251982538768e-02 -7.675635497204513769e-02 8.699999999999999400e-02 9.377364455135221988e-01 0.000000000000000000e+00 -1.543403963105393906e-01 8.143873115812840791e-01 -1.560965291122510479e+00 6.373195062778802544e-02 -2.457655657964307599e-02 7.348266114013543571e-02 3.783243884077544528e-01 5.090618578116146153e-01 -2.374336299173178400e-01 -4.249574284166169336e-01 8.061488113729664562e-01
-4.661795612058328847e-02 -7.471834767150732637e-02 8.699999999999999400e-02 9.297873478855016582e-01 0.000000000000000000e+00 -1.377113459239583393e-01 8.426131203450206719e-01 -1.564989678287155073e+00 5.868616671571768445e-02 -1.719273179543553270e-02 6.144074467793941147e-02 2.721850910694375014e-01 6.965744604406030049e-01 -2.332259869219568127e-01 -3.921448345159840310e-01 8.503035328349426436e-01
-7.435432847462949274e-03 -6.973026439485567607e-02 8.699999999999999400e-02 8.844487400495233409e-01 0.000000000000000000e+00 -1.568645711283521704e-01 8.576239808962884403e-01 -1.562042873550066879e+00 5.104336995954816825e-02 -5.444081107424262982e-03 5.628446565649049965e-02 1.565446654072246702e-01 8.737550490985528384e-01 -2.289989903019426232e-01 -3.542325965691671685e-01 8.847483842526280284e-01
3.894592429815507684e-02 -6.452443667166031516e-02 8.699999999999999400e-02 1.046999999999999931e+00 -6.654824482567569532e-01 -1.719030502653621784e-01 8.679551489663762665e-01 -1.566900623207966525e+00 4.215396619451079741e-02 1.051241536954722333e-02 5.843134745801435714e-02 3.611048347457968682e-02 1.042329982399634147e+00 -2.227416802632514736e-01 -3.147874504557913733e-01 9.156897231934078007e-01
7.664756863981875279e-02 -5.897471312695604789e-02 8.699999999999999400e-02 1.046999999999999931e+00 -1.005005090281860802e+00 -1.766089286927523538e-01 8.908401394042642085e-01 -1.574065895346778987e+00 3.506584301727488223e-02 3.218164059225234880e-02 6.338953867543305198e-02 -6.802726711336667953e-02 1.175820725131915268e+00 -2.116078525276846589e-01 -2.807946477764392545e-01 9.550453593872454405e-01
1.003928202832032046e-01 -5.173592510324860616e-02 8.699999999999999400e-02 1.046999999999999931e+00 -1.320671119807681038e+00 -1.748887212457296003e-01 9.286794528235008395e-01 -1.570928398561823869e+00 3.069082151806560438e-02 5.729922647029898897e-02 6.822238308897655978e-02 -1.747717390833445628e-01 1.279407145336069362e+00 -1.974433516010543899e-01 -2.415997867747950723e-01 9.779149210958006933e-01
1.132176798186402961e-01 -4.483974964676348124e-02 8.699999999999999400e-02 1.046999999999999931e+00 -1.623778409293182179e+00 -1.720193794245153673e-01 9.689106430150469240e-01 -1.547624940850978348e+00 2.836922266441425575e-02 8.487757378896149119e-02 7.793718111051849140e-02 -2.879383436188658885e-01 1.345660287660372489e+00 -1.839640064475411840e-01 -2.036829542827802431e-01 9.901495942421245644e-01
1.125337458115289596e-01 -4.070240657155053954e-02 8.699999999999999400e-02 1.046999999999999931e+00 -1.851929517894547850e+00 -1.680020963422108049e-01 1.011740794152614864e+00 -1.500290069557076222e+00 2.853499334608982849e-02 1.078943168715353618e-01 8.699999999999999400e-02 -4.093873863116365142e-01 1.384030194719795936e+00 -1.726504475114331583e-01 -1.528885318339025245e-01 9.724542366505826152e-01
9.969521021943081318e-02 -3.141194015566268344e-02 8.699999999999999400e-02 1.004126844471999735e+00 -2.020872575013483718e+00 -1.610091450316493700e-01 1.046999999999999931e+00 -1.438807820746478505e+00 3.093525315532793737e-02 1.269020194538302559e-01 8.699999999999999400e-02 -5.173689969982544490e-01 1.398240000154252982e+00 -1.637861674806316836e-01 -9.606899792846017305e-02 9.351690047272196438e-01
7.301551034388677197e-02 -1.873926151218212668e-02 8.699999999999999400e-02 8.057424968981200530e-01 -2.105055620135630079e+00 -1.602879963440000943e-01 1.046999999999999931e+00 -1.348121911479204904e+00 3.586131539392074102e-02 1.416385107074206451e-01 8.699999999999999400e-02 -6.171963404025534450e-01 1.382364295236576446e+00 -1.600614974436975757e-01 -2.909194848105142381e-02 8.744517486197658229e-01
3.729302669299677797e-02 -2.267594656071758932e-03 8.699999999999999400e-02 6.310400784874089508e-01 -2.115938725403729848e+00 -1.635694151812773778e-01 1.046999999999999931e+00 -1.241222914911986663e+00 4.244602081366238844e-02 1.504696767288470072e-01 8.699999999999999400e-02 -6.986122583971844380e-01 1.338324633989669721e+00 -1.619849435216347833e-01 4.386894672093379771e-02 7.911404540184285850e-01
9.897749847491829275e-04 1.589822192823881972e-02 8.699999999999999400e-02 5.218613146967633343e-01 -2.070246227586689969e+00 -1.701732296633894359e-01 1.046999999999999931e+00 -1.109982742124767441e+00 4.917311184246562356e-02 1.499397083248768248e-01 8.699999999999999400e-02 -7.582480351371103655e-01 1.274699686426877143e+00 -1.677276891132274961e-01 1.379090562482548354e-01 6.712458701040349140e-01
-3.036404864713295598e-02 3.593761383404819182e-02 8.699999999999999400e-02 4.831749863644784759e-01 -1.989115604875594912e+00 -1.783564392536236831e-01 1.046999999999999931e+00 -9.568564385949827056e-01 5.508785712771315651e-02 1.405504834074426668e-01 8.699999999999999400e-02 -7.850000000000000311e-01 1.203248174512187241e+00 -1.775178961013179069e-01 2.570293825130667287e-01 4.958379042082761146e-01
-5.344178205709596702e-02 5.410329518209817945e-02 8.699999999999999400e-02 4.609672410705337731e-01 -1.943773889300803859e+00 -1.900749486609972227e-01 1.046999999999999931e+00 -7.854768470326929375e-01 5.957609443461847620e-02 1.251449837378840468e-01 8.699999999999999400e-02 -7.850000000000000311e-01 1.130529155958512888e+00 -1.928312712402065476e-01 4.411976715012986827e-01 1.928458623768403157e-01
-6.527074768051026321e-02 6.984504492405732567e-02 8.699999999999999400e-02 4.489036432535665755e-01 -1.843130836234339931e+00 -1.995021849902659516e-01 1.046999999999999931e+00 -5.982705335812878999e-01 6.200086578151343952e-02 1.077597994718760971e-01 8.699999999999999400e-02 -7.850000000000000311e-01 1.065010690962744810e+00 -2.023500632915258279e-01 5.713848647885625409e-01 0.000000000000000000e+00
-7.562207624107195048e-02 8.290833768402555704e-02 8.699999999999999400e-02 4.748063281766704558e-01 -1.767608568304516403e+00 -1.957508419415679435e-01 1.024767014508031426e+00 -3.285525177826915666e-01 6.416521366020597195e-02 9.431815933582736455e-02 8.699999999999999400e-02 -7.350832721037356965e-01 9.766429924323389855e-01 -2.022016096467956769e-01 6.020221555222010634e-01 0.000000000000000000e+00
-9.112836839744875572e-02 9.282245748481461611e-02 8.699999999999999400e-02 5.468655822505584796e-01 -1.705010831147169448e+00 -1.979035294966139669e-01 9.166509058104659324e-01 0.000000000000000000e+00 6.740178949215094861e-02 8.620781738425570273e-02 8.699999999999999400e-02 -6.854142816062483989e-01 9.277407242876929416e-01 -1.966164882389613289e-01 6.265036585792613799e-01 0.000000000000000000e+00
-1.094442919719408880e-01 1.013369550016099824e-01 8.699999999999999400e-02 6.446853320210944593e-01 -1.632656494015146009e+00 -1.972620423470748119e-01 9.685130503965220239e-01 0.000000000000000000e+00 7.146079790178561097e-02 8.455971539459397612e-02 8.699999999999999400e-02 -6.486687030053452929e-01 9.599347311109376335e-01 -1.896573419202947919e-01 6.470694480786743918e-01 0.000000000000000000e+00
-1.141571309804493561e-01 1.084062134039159853e-01 8.699999999999999400e-02 7.218650963224598760e-01 -1.555670148775429418e+00 -1.987777232044204700e-01 1.007205784509847435e+00 0.000000000000000000e+00 7.287286398984782476e-02 8.318612033678123019e-02 8.699999999999999400e-02 -6.210169525696584980e-01 9.866050682154199336e-01 -1.773443397603952087e-01 6.596868196899395853e-01 0.000000000000000000e+00
-9.694314332265834000e-02 1.136084900534943681e-01 8.699999999999999400e-02 8.057058423195676555e-01 -1.596888961546259367e+00 -1.934354194211616862e-01 1.018736890706469111e+00 0.000000000000000000e+00 6.970994661005826265e-02 7.904348234959990283e-02 8.699999999999999400e-02 -5.916627733997177341e-01 1.029543722963111918e+00 -1.630651926079975944e-01 4.813792647005721292e-01 3.335765714821441463e-01
-5.956495901688594469e-02 1.138822701738480131e-01 8.699999999999999400e-02 8.166280687046242326e-01 -1.601794984228345875e+00 -1.765486078175252660e-01 9.900925824369469774e-01 0.000000000000000000e+00 6.218239180820832324e-02 7.101980722883335928e-02 8.699999999999999400e-02 -5.539861583067242634e-01 1.066161632898330325e+00 -1.501646284782463814e-01 3.273783166876313988e-01 5.850708544978502346e-01
-1.656143055989023338e-02 1.122853149064332173e-01 8.699999999999999400e-02 8.529386869601768284e-01 -1.624000838515887502e+00 -1.762168241362890297e-01 1.046999999999999931e+00 -3.062406022599644118e-01 5.332007528220407411e-02 5.578459735567892902e-02 8.699999999999999400e-02 -5.158472299333111133e-01 1.101571200334493739e+00 -1.483376716695411213e-01 1.929946609751239106e-01 7.848498607193086229e-01
3.093466952660141323e-02 1.059349037689704121e-01 8.699999999999999400e-02 8.733040020670901349e-01 -1.642571708171411515e+00 -1.936296308152389289e-01 1.046999999999999931e+00 -7.906256617926672448e-01 4.374630286675828400e-02 3.476590011033307143e-02 8.699999999999999400e-02 -4.727879880180223537e-01 1.132866950629248137e+00 -1.508438857983378234e-01 6.662676791627299144e-02 9.551769595202674878e-01
7.412453821455916581e-02 9.535299999536439586e-02 8.699999999999999400e-02 8.988797745935251937e-01 -1.651205103696972820e+00 -1.857366225516569602e-01 1.046999999999999931e+00 -1.095188754546200016e+00 3.540647265944942002e-02 7.139858721837648477e-03 8.699999999999999400e-02 -4.275859821783860037e-01 1.158088158223881337e+00 -1.486758526325974716e-01 -4.874453758949141846e-02 1.097602161048230940e+00
1.047790267445392054e-01 8.267655693322206734e-02 8.699999999999999400e-02 9.301176534423462039e-01 -1.640437239682213999e+00 -1.764270995445475776e-01 1.046999999999999931e+00 -1.377748837807068583e+00 2.979488033911559600e-02 -2.341607206473609454e-02 8.699999999999999400e-02 -3.753355407280345446e-01 1.165074341814901437e+00 -1.474576592547721388e-01 -1.570206282959845379e-01 1.204544298315690654e+00
1.205629858854715131e-01 7.076545556669236459e-02 8.699999999999999400e-02 9.670984789849788044e-01 -1.606820418157571595e+00 -1.795232883146948288e-01 1.046999999999999931e+00 -1.635881572577646104e+00 2.710338268174623810e-02 -5.390032745026095834e-02 8.699999999999999400e-02 -3.199231812243034101e-01 1.148650793396751801e+00 -1.580335281575113993e-01 -2.499237110624778768e-01 1.257272321737343823e+00
1.192574430952316744e-01 6.054709293903141193e-02 8.699999999999999400e-02 1.011822580540387317e+00 -1.554186534853271517e+00 -1.810677736842497831e-01 1.046999999999999931e+00 -1.838749474700887454e+00 2.755343346369477919e-02 -8.094907345028541645e-02 7.585478228175679405e-02 -2.629285476242421149e-01 1.128450632719235180e+00 -1.669223792210783597e-01 -3.568067514951608343e-01 1.294000743659116104e+00
1.116976265248062206e-01 4.675552380473821379e-02 8.699999999999999400e-02 1.046999999999999931e+00 -1.490905061017743449e+00 -1.808362663562215755e-01 1.046999999999999931e+00 -1.987857797228572032e+00 2.902979003021168361e-02 -1.018000443618636980e-01 6.395279329220965314e-02 -2.023096922304877532e-01 1.092613415452202474e+00 -1.723961866729043224e-01 -4.588144905968024045e-01 1.309164823576175252e+00
9.365529736041923459e-02 3.502978879869865503e-02 8.699999999999999400e-02 1.046999999999999931e+00 -1.390147054054325260e+00 -1.797512774436690053e-01 8.918518782767252961e-01 -2.050157177458167723e+00 3.228746575602652741e-02 -1.145643026468649989e-01 5.669662392958056685e-02 -1.341144064879308817e-01 1.035093500173100978e+00 -1.804699215752033625e-01 -5.462678756344619968e-01 1.291990820871846246e+00
7.691564460179291240e-02 1.768406539609895800e-02 8.699999999999999400e-02 1.046999999999999931e+00 -1.300255687379927139e+00 -1.676296275943323644e-01 7.146086277711281021e-01 -2.055776697756986238e+00 3.524543993090963750e-02 -1.184058459846010353e-01 5.557319900056530149e-02 -6.132369453509879664e-02 9.644828950189445749e-01 -1.881675586585048743e-01 -6.103527309040736037e-01 1.248340433479575573e+00
5.681595461273723779e-02 -1.477850063144937149e-03 8.699999999999999400e-02 1.046999999999999931e+00 -1.193850713572419231e+00 -1.492571704390493470e-01 6.019609972088069139e-01 -2.002449362319358883e+00 3.885646022611890377e-02 -1.125604600687041823e-01 6.000077844007852684e-02 2.067799872736773500e-02 8.717534822929975391e-01 -1.967300342923934964e-01 -6.469766179818563501e-01 1.174632588736340466e+00
4.101028654732542800e-02 -1.670121079076130818e-02 8.699999999999999400e-02 1.046999999999999931e+00 -1.076712040560654060e+00 -1.307082599260653843e-01 5.185212618341015212e-01 -1.925200615243667812e+00 4.176046806715351389e-02 -9.691785706474354001e-02 6.569844894529018597e-02 1.065647007377073657e-01 7.647005324354037015e-01 -1.982882473948907320e-01 -6.578240686849233798e-01 1.089335024470769575e+00
-3.044365054609267374e-02 -4.205240630070306712e-02 8.699999999999999400e-02 1.046999999999999931e+00 -6.767100779886776607e-01 -1.422427810628026923e-01 5.185233008312222225e-01 -1.780591979163742344e+00 5.541131029426561716e-02 -5.911126010021448135e-02 8.699999999999999400e-02 3.702814793899628087e-01 3.580202137455419376e-01 -2.251350956793378155e-01 -6.083088065787589649e-01 8.517312056259616071e-01
