1.739999999999999880e-01 -6.671941416963450555e-02 8.699999999999999400e-02 7.635514794058173571e-01 0.000000000000000000e+00 -1.193603986041022191e-01 7.491305161565583459e-01 -1.255203080384925229e+00 -1.049212505972576814e-01 1.803838209102999468e-02 -2.163388125132464923e-02 2.329425664185469369e-01 1.616315298956143565e+00 8.699999999999999400e-02 -1.016945297863966757e-01 1.903468392745506499e+00
1.739999999999999880e-01 -4.162248896753655003e-02 5.721164027194217822e-02 8.503706361730356544e-01 0.000000000000000000e+00 -1.404094443882818455e-01 8.228634422554246264e-01 -9.351705206783194058e-01 -9.608266823330162409e-02 2.551928524941456111e-02 -1.222840962838273038e-02 5.952975135059855594e-02 1.765197660880186703e+00 -7.723146722095461381e-02 -3.370226587142161057e-01 1.893071956413122869e+00
1.739999999999999880e-01 -1.389842865315410285e-02 8.699999999999999400e-02 8.835857385422565269e-01 0.000000000000000000e+00 -1.458596462409650907e-01 6.806792476971817996e-01 -2.528869175254033763e-01 -7.831101856588366938e-02 3.678741355869010604e-02 -3.377118685137653342e-04 -1.276063404588414774e-01 1.875961264461751377e+00 -6.646532026595892984e-02 -5.710984574444256667e-01 1.894302068718445753e+00
1.739999999999999880e-01 4.690389922818480155e-03 8.699999999999999400e-02 8.789927059946331944e-01 0.000000000000000000e+00 -1.214712333410246786e-01 7.061292979651210278e-01 0.000000000000000000e+00 -5.057242799242699788e-02 4.703882905568747275e-02 4.746611126051740459e-02 -3.322963658770046180e-01 1.932235511459477806e+00 -5.452751795533341411e-02 -7.850000000000000311e-01 1.832937691638433009e+00
1.739999999999999880e-01 1.656978695386772393e-02 8.699999999999999400e-02 8.412346313405520970e-01 0.000000000000000000e+00 -9.639105767640958333e-02 8.141743193674975121e-01 0.000000000000000000e+00 -1.784073850631303151e-02 5.688585479700525999e-02 5.378031042942031659e-02 -5.400422868040368751e-01 1.960195122956509550e+00 -4.745327062770283294e-02 -7.850000000000000311e-01 1.710447457267053828e+00
1.407141551011851510e-01 2.779535961155427809e-02 8.699999999999999400e-02 1.046999999999999931e+00 -1.060782615465607037e+00 -7.839387847964497669e-02 9.215193942400883298e-01 0.000000000000000000e+00 1.579746713535127439e-02 6.959485714099045151e-02 6.507652549797973696e-02 -7.373768141776505525e-01 1.938463905491680350e+00 -5.276695443545677960e-02 -7.850000000000000311e-01 1.541333935760828666e+00
1.214748814421885356e-02 4.310202710773122781e-02 8.699999999999999400e-02 1.046999999999999931e+00 -1.542438336780405983e+00 -1.178502588594036588e-01 1.046999999999999931e+00 0.000000000000000000e+00 4.946948562652694892e-02 8.147497227247636753e-02 7.464519782645834267e-02 -7.850000000000000311e-01 1.879110676284636128e+00 -5.962378737506158349e-02 -7.850000000000000311e-01 1.363124860855762677e+00
-9.249609476250315876e-02 4.183271505566168308e-02 8.699999999999999400e-02 1.046999999999999931e+00 -1.961795895896915276e+00 -2.715783829151301454e-01 1.046999999999999931e+00 0.000000000000000000e+00 7.739892016950794540e-02 8.497295644497701583e-02 8.699999999999999400e-02 -7.850000000000000311e-01 1.783739640488774647e+00 -7.086148342394664457e-02 -7.850000000000000311e-01 1.185952636724813658e+00
-1.739999999999999880e-01 3.194815532734188168e-02 8.699999999999999400e-02 1.046999999999999931e+00 -2.311582890396346901e+00 -6.376093234876284432e-01 1.046999999999999931e+00 0.000000000000000000e+00 1.014851073135460691e-01 8.549785724607041060e-02 8.699999999999999400e-02 -7.850000000000000311e-01 1.652348542771703954e+00 -8.250089210587355226e-02 -7.850000000000000311e-01 1.027950167989633457e+00
-1.739999999999999880e-01 2.246783274823285076e-02 8.699999999999999400e-02 1.046999999999999931e+00 -2.355999999999999872e+00 -7.850000000000000311e-01 1.046999999999999931e+00 0.000000000000000000e+00 1.204021156365917000e-01 8.671621374530395776e-02 8.699999999999999400e-02 -7.850000000000000311e-01 1.469337526655298376e+00 -1.023696581744170664e-01 -6.522141574186969271e-01 7.795985197963810620e-01
-1.739999999999999880e-01 1.242250104257011482e-02 8.699999999999999400e-02 7.485961058941492663e-01 -2.355999999999999872e+00 -7.850000000000000311e-01 1.046999999999999931e+00 -1.120786832159593516e+00 1.407573343321843473e-01 8.335207744862144219e-02 8.699999999999999400e-02 -7.850000000000000311e-01 1.258037672305389876e+00 -1.363215594696324806e-01 -5.247024643615627593e-01 7.678156497927766111e-01
-1.739999999999999880e-01 2.703442590257093114e-03 8.699999999999999400e-02 1.289386715091287994e-01 -2.355999999999999872e+00 -7.850000000000000311e-01 1.046999999999999931e+00 -1.621577358188798001e+00 1.618193962289238286e-01 8.085056970816102695e-02 8.699999999999999400e-02 -7.850000000000000311e-01 1.040120416559615180e+00 -1.622092205422764055e-01 -3.613928123589235097e-01 7.543889139759460960e-01
-1.739999999999999880e-01 -6.211753128141918497e-03 8.699999999999999400e-02 -1.421857174057349904e-01 -2.355999999999999872e+00 -7.850000000000000311e-01 1.046999999999999931e+00 -1.999525643157542554e+00 1.739999999999999880e-01 7.260793695146938731e-02 8.699999999999999400e-02 -7.850000000000000311e-01 8.219264289556011960e-01 -1.788673356126747327e-01 -1.401751021781825202e-01 5.790582369064276591e-01
-1.739999999999999880e-01 -3.584845615545117180e-03 8.699999999999999400e-02 -2.441962712063759366e-01 -2.197609863470252556e+00 -7.850000000000000311e-01 1.046999999999999931e+00 -2.239796371166545619e+00 1.739999999999999880e-01 7.173048453192774898e-02 8.699999999999999400e-02 -7.850000000000000311e-01 7.574030996317873132e-01 -1.852781264587506915e-01 1.703279176523148919e-01 2.578456126776451640e-01
-1.739999999999999880e-01 9.281237746491356050e-03 8.699999999999999400e-02 -2.755922382738039689e-01 -1.989711942442929704e+00 -7.850000000000000311e-01 6.310546275851621756e-01 -2.281195576837468764e+00 1.709211889408734364e-01 8.036771751493361482e-02 8.699999999999999400e-02 -6.939874792683915494e-01 8.881947991614449478e-01 -1.637298981231582740e-01 4.393202278228153790e-01 0.000000000000000000e+00
-1.739999999999999880e-01 2.373955314376215153e-02 8.699999999999999400e-02 -2.325972650250563711e-01 -1.842567654755485229e+00 -3.827186856493510203e-01 -6.401959980990089283e-02 -2.355999999999999872e+00 1.482175273795545978e-01 7.721807452910313396e-02 8.699999999999999400e-02 -4.951093024340981197e-01 8.724940216655685532e-01 -1.350906427922371478e-01 5.902400793536496382e-01 0.000000000000000000e+00
-1.739999999999999880e-01 3.643509944825165658e-02 8.699999999999999400e-02 -1.073229255016967393e-01 -1.721706785727295852e+00 -2.383375484483560569e-01 -2.438081024074105485e-01 -2.243236616914691339e+00 1.166987374562099000e-01 7.333851950747569126e-02 8.699999999999999400e-02 -1.947549792226000720e-01 6.953211224642448229e-01 -9.783594754114353920e-02 7.083748142653323310e-01 0.000000000000000000e+00
-1.739999999999999880e-01 3.630784650494229410e-02 8.699999999999999400e-02 7.739415735672018626e-02 -1.593251001545461065e+00 -1.651622985907118535e-01 -2.865113451141131917e-01 -2.102481487697849261e+00 8.319108170134789648e-02 6.841316746437034468e-02 8.699999999999999400e-02 2.512281016388822619e-01 2.271929638395722151e-01 -8.758115758701569276e-02 7.850000000000000311e-01 0.000000000000000000e+00
1.247887244328278224e-02 2.001334674051067491e-02 8.699999999999999400e-02 1.827348412258621851e-02 -1.419033051067867035e+00 -9.404857745342191933e-02 -5.115872621365680217e-01 -1.952076957430193715e+00 4.602361267254894556e-02 6.093624031644512967e-02 8.699999999999999400e-02 5.527627031328495866e-01 0.000000000000000000e+00 -1.245179991078413650e-01 7.850000000000000311e-01 0.000000000000000000e+00
1.739999999999999880e-01 -7.559992465987575537e-03 8.699999999999999400e-02 3.011676789590943260e-02 -1.298943524771491553e+00 4.716222129707905997e-02 -6.881304270570219872e-01 -1.816867162121772239e+00 7.255558049176510579e-03 4.297136931571714918e-02 8.699999999999999400e-02 7.115980943524815583e-01 0.000000000000000000e+00 -1.657056228237009932e-01 7.850000000000000311e-01 0.000000000000000000e+00
1.739999999999999880e-01 -3.712677093615681517e-02 8.699999999999999400e-02 3.201525261843647385e-01 -1.413867664975304805e+00 8.699999999999999400e-02 -5.695184194393181354e-01 -1.817074337122043914e+00 -2.768861185189565310e-02 2.374694779587900248e-02 8.699999999999999400e-02 7.850000000000000311e-01 0.000000000000000000e+00 -2.322907953930328506e-01 7.850000000000000311e-01 0.000000000000000000e+00
1.739999999999999880e-01 -6.900682756975468068e-02 8.699999999999999400e-02 6.210149851896601403e-01 -1.440460370764267140e+00 8.699999999999999400e-02 -3.621186902857725931e-01 -1.799340680252591085e+00 -5.506170572804209434e-02 1.027742931303972374e-02 8.699999999999999400e-02 7.850000000000000311e-01 0.000000000000000000e+00 -1.669459048078023033e-01 7.850000000000000311e-01 5.533706828928428578e-01
1.739999999999999880e-01 -8.404339345050425292e-02 8.699999999999999400e-02 8.026036624130443720e-01 -1.274315573004843216e+00 -2.477098458084285929e-02 -1.373538186490866619e-01 -1.620553536833563513e+00 -7.258004014929106407e-02 1.047562669211074549e-02 8.699999999999999400e-02 7.850000000000000311e-01 0.000000000000000000e+00 7.228440676545822008e-02 7.458149214276096339e-01 1.003583779855963698e+00
1.739999999999999880e-01 -7.776051713109249919e-02 8.699999999999999400e-02 8.454927975250601246e-01 -9.001346364580804504e-01 -3.779335105204346956e-02 8.529532235391538986e-02 -1.571042076529955089e+00 -8.127030741974949901e-02 1.314065346809076794e-02 8.663483691864386216e-02 7.850000000000000311e-01 5.422692884064330698e-01 8.699999999999999400e-02 6.003053570987342269e-01 1.284290361970606753e+00
1.739999999999999880e-01 -9.164297230485045354e-02 8.699999999999999400e-02 5.893089529931100357e-01 0.000000000000000000e+00 -8.278767521924602912e-02 3.354967131632670130e-01 -1.524332348066696596e+00 -8.504398570212753916e-02 1.610959202759987621e-02 -5.705669704144999965e-02 7.286727606173982741e-01 9.629561633270622423e-01 8.699999999999999400e-02 4.278640080340633811e-01 1.512647007043733005e+00
1.739999999999999880e-01 -9.091982139139566377e-02 7.580702158845818717e-02 7.251598604232198930e-01 0.000000000000000000e+00 -1.301335155194248694e-01 5.713621259522815299e-01 -1.421064431667633521e+00 -8.048048020875371578e-02 2.588796083261777486e-02 -8.607808751872045305e-02 5.789419921730506458e-01 1.230556781050501591e+00 8.699999999999999400e-02 2.363265648467492985e-01 1.679701359434957908e+00
1.739999999999999880e-01 -7.862964530646283923e-02 3.878497097674874633e-02 8.272918194969568484e-01 0.000000000000000000e+00 -1.729457315066150469e-01 7.473931139588360084e-01 -1.236132442537500431e+00 -7.202966406091008966e-02 3.876877384602205046e-02 -9.745208443205044535e-02 4.144053718117524099e-01 1.452136940839663382e+00 8.699999999999999400e-02 -2.806899745713242744e-03 1.806565728857354003e+00
1.739999999999999880e-01 -6.109082367052775381e-02 4.403488336324936497e-02 8.652626965249348157e-01 0.000000000000000000e+00 -1.785705067900475729e-01 8.150143167550234491e-01 -8.921124561837814326e-01 -5.986951069285643273e-02 5.105643781105457385e-02 -8.899553638098864350e-02 2.056136362917747318e-01 1.645534692295709256e+00 -7.971673317367784783e-02 -2.779056668863101320e-01 1.798292769866983498e+00
1.739999999999999880e-01 -3.824999824567128226e-02 8.699999999999999400e-02 8.463589422029987874e-01 0.000000000000000000e+00 -1.803356097946127723e-01 5.721013123141308609e-01 0.000000000000000000e+00 -3.725925479491695724e-02 6.027853301473424380e-02 -8.569812552398367589e-02 -2.222777426022005259e-02 1.789395701601412370e+00 -7.295721359924353666e-02 -5.388516968111258798e-01 1.778312414724855905e+00
1.739999999999999880e-01 -1.853650445360315036e-02 8.699999999999999400e-02 7.851923495864961966e-01 0.000000000000000000e+00 -1.456470685084935990e-01 7.099816995962954236e-01 0.000000000000000000e+00 -5.090305989141074433e-03 6.772255559356890608e-02 1.526869374306682363e-03 -2.699654544148285540e-01 1.843102811673428931e+00 -6.302525815222809191e-02 -7.561625958964256489e-01 1.678403131784671487e+00
9.265615786430624057e-02 -6.266507470961301361e-03 8.699999999999999400e-02 1.046999999999999931e+00 -9.595253911534147306e-01 -1.097223219723203885e-01 8.996894918237268168e-01 0.000000000000000000e+00 2.959486728924407006e-02 7.784856199943132604e-02 6.888194454571420697e-03 -4.965711375530083571e-01 1.862254962780311551e+00 -6.100923442600553193e-02 -7.850000000000000311e-01 1.515814470066761288e+00
-4.019267964181220953e-02 1.805171165901296986e-03 8.699999999999999400e-02 1.046999999999999931e+00 -1.419973118344664442e+00 -1.417522061327438909e-01 1.046999999999999931e+00 0.000000000000000000e+00 6.170098573798006580e-02 8.961168019724471967e-02 2.118010476247678131e-02 -7.027753800467656520e-01 1.832642597224402259e+00 -6.713154368289199481e-02 -7.850000000000000311e-01 1.331708659400016259e+00
-1.618693312833621445e-01 1.677589590937168806e-02 8.699999999999999400e-02 1.046999999999999931e+00 -1.771845137762371181e+00 -3.289453309116122104e-01 1.046999999999999931e+00 0.000000000000000000e+00 9.355996064325793060e-02 9.895747974513813272e-02 3.624421097070196218e-02 -7.850000000000000311e-01 1.755049095239692214e+00 -7.786730256157389785e-02 -7.850000000000000311e-01 1.155559380525657431e+00
-1.739999999999999880e-01 2.539090489319175206e-02 8.699999999999999400e-02 1.046999999999999931e+00 -2.139056017369264318e+00 -5.314790548279070270e-01 1.046999999999999931e+00 0.000000000000000000e+00 1.220902939061059289e-01 1.028364521210083510e-01 5.663181543356609476e-02 -7.850000000000000311e-01 1.633168020959040234e+00 -9.325561132784025709e-02 -7.850000000000000311e-01 9.894267850436975209e-01
-1.739999999999999880e-01 1.759748463268998378e-02 8.699999999999999400e-02 1.046999999999999931e+00 -2.355999999999999872e+00 -7.850000000000000311e-01 1.046999999999999931e+00 0.000000000000000000e+00 1.471265148621000440e-01 9.899494450880956531e-02 8.699999999999999400e-02 -7.850000000000000311e-01 1.452210959735183771e+00 -1.044757002984097599e-01 -7.850000000000000311e-01 7.934625534318122675e-01
-1.739999999999999880e-01 1.042043703141083341e-02 8.699999999999999400e-02 9.496780064877352601e-01 -2.355999999999999872e+00 -7.850000000000000311e-01 1.046999999999999931e+00 -7.175702352605100032e-01 1.683396969824104417e-01 9.077090755951201795e-02 8.699999999999999400e-02 -7.850000000000000311e-01 1.249921139415672400e+00 -1.358574765452823241e-01 -5.256474851195624964e-01 3.999858524543480343e-01
-1.739999999999999880e-01 7.293770276059512690e-03 8.699999999999999400e-02 3.353813139623079143e-01 -2.355999999999999872e+00 -7.850000000000000311e-01 1.046999999999999931e+00 -1.349283355545573215e+00 1.739999999999999880e-01 8.219243526469294236e-02 8.699999999999999400e-02 -7.850000000000000311e-01 1.048352926882476055e+00 -1.839822736634528499e-01 -3.427250953819317436e-01 2.565471095459503914e-01
-1.739999999999999880e-01 3.806965323720590960e-03 8.699999999999999400e-02 -9.832344361927840282e-02 -2.355999999999999872e+00 -7.850000000000000311e-01 1.046999999999999931e+00 -1.765169863901185465e+00 1.739999999999999880e-01 7.842442694342914578e-02 8.699999999999999400e-02 -7.850000000000000311e-01 8.959695190453729197e-01 -2.077373490011904522e-01 -2.455420968728083686e-01 4.220796988534996075e-01
-1.739999999999999880e-01 4.063657323140306213e-03 8.699999999999999400e-02 -2.987746740279496049e-01 -2.345197509848642170e+00 -7.850000000000000311e-01 1.046999999999999931e+00 -2.096936756603867025e+00 1.739999999999999880e-01 7.434097931932771852e-02 8.699999999999999400e-02 -7.850000000000000311e-01 7.206327663358047531e-01 -2.177866955209240840e-01 -3.157470122410257173e-03 2.350602658836438152e-01
-1.739999999999999880e-01 5.397581771907155636e-03 8.699999999999999400e-02 -4.025186798682785505e-01 -2.128921400175662448e+00 -7.850000000000000311e-01 1.046999999999999931e+00 -2.266226847238559827e+00 1.739999999999999880e-01 7.645773401692582127e-02 8.699999999999999400e-02 -7.536617936127055772e-01 4.672974625916248570e-01 -2.051593168849464022e-01 2.649071258834673759e-01 0.000000000000000000e+00
-1.739999999999999880e-01 1.210581964967879717e-02 8.699999999999999400e-02 -4.360344068290799568e-01 -1.962751555891947497e+00 -7.850000000000000311e-01 3.221551717643373336e-01 -2.246342767487982783e+00 1.739999999999999880e-01 8.895948814717394293e-02 8.699999999999999400e-02 -6.824356576970160848e-01 6.008754074851108129e-01 -1.725561828998430081e-01 4.053968719141147758e-01 0.000000000000000000e+00
-1.739999999999999880e-01 2.190994078477283974e-02 8.699999999999999400e-02 -3.894093431721846188e-01 -1.846724286231854251e+00 -3.630194609773071401e-01 -2.196773047573902793e-01 -2.355999999999999872e+00 1.739999999999999880e-01 9.420396087166461874e-02 8.699999999999999400e-02 -5.437188033316647795e-01 7.026501721364262210e-01 -1.297097057490846361e-01 5.250316607329142959e-01 0.000000000000000000e+00
-1.739999999999999880e-01 3.012474669509763656e-02 8.699999999999999400e-02 -2.527493486654973642e-01 -1.764063588976461538e+00 -2.751993630947962566e-01 -3.683309185704175537e-01 -2.171218793415799375e+00 1.617479338762166929e-01 9.731566395390779667e-02 8.699999999999999400e-02 -2.723608546445598355e-01 5.272660706890857085e-01 -8.784765722974421931e-02 6.236695065934075854e-01 0.000000000000000000e+00
-1.739999999999999880e-01 2.881694046845045820e-02 8.699999999999999400e-02 -5.950461139504008984e-02 -1.683811965964300050e+00 -2.162602096172132338e-01 -3.955575829089761353e-01 -2.030939279806560194e+00 1.250790187603094128e-01 8.899114334382011993e-02 8.699999999999999400e-02 2.092232580089987137e-01 0.000000000000000000e+00 -7.856113954903569396e-02 7.253209391957921026e-01 0.000000000000000000e+00
-1.739999999999999880e-01 1.507840408787397037e-02 8.699999999999999400e-02 1.433365627993663793e-01 -1.545150147411606056e+00 -1.682583062038822963e-01 -3.326565253374659803e-01 -1.950451225392890287e+00 8.440656948488554912e-02 7.740758297596588011e-02 8.699999999999999400e-02 4.088474776429028568e-01 0.000000000000000000e+00 -1.103764342775820084e-01 7.850000000000000311e-01 0.000000000000000000e+00
5.527350826988253196e-02 -7.386386122675264038e-03 8.699999999999999400e-02 1.968199259167943693e-02 -1.363757056504557141e+00 -9.200720337925717696e-02 -6.057642726848744275e-01 -1.802964430589740985e+00 3.956242677650594064e-02 5.922480980852958682e-02 8.699999999999999400e-02 5.850054394516772671e-01 0.000000000000000000e+00 -1.586974157787116313e-01 7.850000000000000311e-01 0.000000000000000000e+00
1.739999999999999880e-01 -3.336997952018109365e-02 8.699999999999999400e-02 4.490517064867454583e-02 -1.192001608682615732e+00 -7.850000000000000311e-01 -7.850000000000000311e-01 -1.621189462958065874e+00 -4.357514413589987610e-03 3.773416122515927534e-02 8.699999999999999400e-02 7.514889688125726552e-01 0.000000000000000000e+00 -2.293099268324579332e-01 7.850000000000000311e-01 0.000000000000000000e+00
1.739999999999999880e-01 -5.654974960603312978e-02 8.699999999999999400e-02 3.129955606068780538e-01 -1.322199806555713231e+00 8.699999999999999400e-02 -4.881775373644249294e-01 -1.745963134107460846e+00 -4.526758654059567094e-02 1.980635058003713325e-02 8.699999999999999400e-02 7.850000000000000311e-01 0.000000000000000000e+00 -1.843611413760546658e-01 7.850000000000000311e-01 6.005672953573970574e-01
1.739999999999999880e-01 -8.356119360042203736e-02 8.699999999999999400e-02 5.955786839779919628e-01 -1.346788125593823437e+00 8.699999999999999400e-02 -2.750569837233891590e-01 -1.677785906239661173e+00 -8.106695801766598819e-02 1.109347088520004285e-02 8.699999999999999400e-02 7.850000000000000311e-01 0.000000000000000000e+00 -4.711619167938874142e-02 7.126799719640375397e-01 9.910156596762247361e-01
1.739999999999999880e-01 -9.229383248324495026e-02 8.699999999999999400e-02 7.678722722323103600e-01 -1.177069513001072210e+00 -8.208527603716979371e-02 -8.891214943341502197e-02 -1.460421369321442953e+00 -1.046823023304629535e-01 1.006912089953045444e-02 8.699999999999999400e-02 7.850000000000000311e-01 4.414071550508982256e-01 3.931773143500272294e-02 6.445108874038506519e-01 1.262292889590483469e+00
1.739999999999999880e-01 -8.520691862668453020e-02 8.699999999999999400e-02 8.027718753886036174e-01 -7.910878683383923970e-01 -9.889779480137937673e-02 7.475095740824781732e-02 -1.389832447823919459e+00 -1.208594026808221672e-01 1.542089100640143748e-02 1.714212266487200043e-02 7.850000000000000311e-01 7.681448137077770966e-01 -3.983918381061496428e-01 6.559235416002167085e-01 1.337372267223448041e+00
1.739999999999999880e-01 -1.121933126338131997e-01 8.699999999999999400e-02 5.917669908486411501e-01 0.000000000000000000e+00 -1.577863051463709865e-01 2.967356304961428215e-01 -1.344024224869514228e+00 -1.272059139790395754e-01 1.667043036238087528e-02 -1.699445663158127562e-01 7.850000000000000311e-01 1.074106662294144421e+00 -6.321042721444417589e-01 7.252459769277002088e-01 1.461961573156402849e+00
1.739999999999999880e-01 -1.053859361459766608e-01 4.235302580433314423e-02 7.242541622433571469e-01 0.000000000000000000e+00 -2.021721810708601297e-01 5.204479912902713057e-01 -1.264513231032748486e+00 -1.240044832751199394e-01 2.924152746324167051e-02 -2.857276224943423593e-01 7.850000000000000311e-01 1.301931585383211853e+00 8.064720642668621320e-02 2.537083953482291987e-01 1.809141055442242241e+00
1.739999999999999880e-01 -9.682515865030086322e-02 1.184344596261180382e-02 8.236870579845984031e-01 0.000000000000000000e+00 -2.239389289619094225e-01 6.792688737822697442e-01 -1.077055559951884511e+00 -1.154470836751826240e-01 4.354070330099670677e-02 -3.134876139457033473e-01 6.989578874703016309e-01 1.519424038534106458e+00 -2.990746359021151379e-02 -4.912869906052039215e-03 1.879994725228507413e+00
1.739999999999999880e-01 -8.137564329547639086e-02 1.922690427517203052e-02 8.697963254267233602e-01 0.000000000000000000e+00 -2.331385399558430771e-01 7.145980052214230271e-01 -7.099757850667938186e-01 -1.000667204916263209e-01 5.845494645961893387e-02 -3.312536806597962125e-01 5.461364525560086225e-01 1.720472777512881635e+00 -1.515029861679192680e-01 -2.578249061706090473e-01 1.875634627289167078e+00
1.739999999999999880e-01 -6.186694428676077495e-02 8.699999999999999400e-02 8.585639195120169376e-01 0.000000000000000000e+00 -2.106627494241782306e-01 5.455793690607175783e-01 0.000000000000000000e+00 -7.490257413088524663e-02 7.355618648011931493e-02 -3.299407256598575477e-01 3.431430819957541623e-01 1.879667994937664233e+00 -1.393288146239101133e-01 -5.163098487975983364e-01 1.849065617937701411e+00
1.739999999999999880e-01 -4.662096408987426166e-02 8.699999999999999400e-02 7.933500095574104183e-01 0.000000000000000000e+00 -1.690264024217919547e-01 6.770459510138155945e-01 0.000000000000000000e+00 -4.129296215387450592e-02 8.743056164420072440e-02 -2.972509899284436763e-01 7.188015566321236116e-02 1.982807369509932194e+00 -1.186150413972881928e-01 -7.307309066385753171e-01 1.752575439993902862e+00
1.739999999999999880e-01 -2.943157078946735325e-02 8.699999999999999400e-02 1.046999999999999931e+00 -1.090339645011560776e+00 -1.379313980597685063e-01 7.743847851540658356e-01 0.000000000000000000e+00 -5.962372884086757432e-03 1.029241937722493727e-01 -2.459886873850189726e-01 -2.147589386129099276e-01 2.023775208376044965e+00 -1.010854635838265292e-01 -7.850000000000000311e-01 1.595720703323057599e+00
1.016743704266413750e-01 -2.065830819487763162e-02 8.699999999999999400e-02 1.046999999999999931e+00 -1.565869575057741159e+00 -1.315473686353630656e-01 9.254223865994418707e-01 0.000000000000000000e+00 2.739651281486577689e-02 1.175875814302028977e-01 -6.148410037729876154e-02 -5.156219591241186784e-01 1.975679582220132069e+00 -9.062644367828079361e-02 -7.850000000000000311e-01 1.403802402884897660e+00
-2.733316484689663275e-02 3.669704758329309915e-04 8.699999999999999400e-02 1.046999999999999931e+00 -1.899275935791325587e+00 -2.175946305408464065e-01 1.046999999999999931e+00 0.000000000000000000e+00 5.839299024807510091e-02 1.297815244999919460e-01 -3.373447604348780299e-02 -7.321747923599490893e-01 1.921176981301276676e+00 -8.380225557472884002e-02 -7.850000000000000311e-01 1.214084339706628768e+00
-1.282071949634669694e-01 1.196494573090312215e-02 8.699999999999999400e-02 1.046999999999999931e+00 -2.202716554119429127e+00 -4.290113620819818729e-01 1.046999999999999931e+00 0.000000000000000000e+00 8.393228585902193228e-02 1.349101587674422786e-01 -1.176864675049554831e-02 -7.850000000000000311e-01 1.830218487549124085e+00 -9.449069138506932530e-02 -7.850000000000000311e-01 1.052634063830161892e+00
-1.739999999999999880e-01 8.476249753647923518e-03 8.699999999999999400e-02 1.046999999999999931e+00 -2.355999999999999872e+00 -7.850000000000000311e-01 1.046999999999999931e+00 0.000000000000000000e+00 1.043061924591732054e-01 1.295673850475214661e-01 2.054602694806867760e-02 -7.850000000000000311e-01 1.688743510325473096e+00 -1.028048930400741051e-01 -7.850000000000000311e-01 8.943987053989470581e-01
-1.739999999999999880e-01 4.611992715989290947e-03 8.699999999999999400e-02 8.372416843498177164e-01 -2.355999999999999872e+00 -7.850000000000000311e-01 1.046999999999999931e+00 -8.486025986477034877e-01 1.228874081676252783e-01 1.207610760866534017e-01 6.465927295346225734e-02 -7.850000000000000311e-01 1.494126069696156911e+00 -1.316329127659102149e-01 -6.177340408462986820e-01 6.334017869555932378e-01
-1.739999999999999880e-01 1.205543721025736838e-03 8.699999999999999400e-02 3.210370825956704310e-01 -2.355999999999999872e+00 -7.850000000000000311e-01 1.046999999999999931e+00 -1.398342282391955571e+00 1.430021760421748833e-01 1.095348502857511203e-01 8.699999999999999400e-02 -7.850000000000000311e-01 1.283606459535584499e+00 -1.816553686971057735e-01 -3.985094480187775234e-01 3.725542474869953935e-01
-1.739999999999999880e-01 7.384305897909989062e-04 8.699999999999999400e-02 -8.108347215845114475e-03 -2.355999999999999872e+00 -7.850000000000000311e-01 1.046999999999999931e+00 -1.782703570858971354e+00 1.642729126296770537e-01 9.799885853258039070e-02 8.699999999999999400e-02 -7.850000000000000311e-01 1.086927242716745567e+00 -2.162071561872778991e-01 -2.782160347529564204e-01 4.353433208005874633e-01
-1.739999999999999880e-01 1.565158450519894048e-03 8.699999999999999400e-02 -1.366805662165772317e-01 -2.348079559304633968e+00 -7.850000000000000311e-01 1.046999999999999931e+00 -2.062811776255665919e+00 1.739999999999999880e-01 8.457685852795632231e-02 8.699999999999999400e-02 -7.850000000000000311e-01 9.184768659670501378e-01 -2.286519226840399155e-01 -6.214284739004481001e-02 3.088516001546848244e-01
-1.739999999999999880e-01 2.743370683722910069e-03 8.699999999999999400e-02 -1.751070094647249331e-01 -2.167699213230891431e+00 -7.850000000000000311e-01 1.046999999999999931e+00 -2.195121532289947552e+00 1.739999999999999880e-01 7.091121428108536351e-02 8.699999999999999400e-02 -7.850000000000000311e-01 6.960595205909303473e-01 -2.348270242104556482e-01 2.525137811504584717e-01 0.000000000000000000e+00
-1.739999999999999880e-01 8.988600100517869437e-03 8.699999999999999400e-02 -1.594725724551421253e-01 -1.994086173866866929e+00 -7.850000000000000311e-01 1.392890878996403403e-01 -2.150384932954652939e+00 1.665894340458142220e-01 7.737396699195257799e-02 8.699999999999999400e-02 -7.354039029614307665e-01 6.831035449573432672e-01 -2.059343097568514247e-01 4.016666107016335641e-01 0.000000000000000000e+00
-1.739999999999999880e-01 1.715494404244602769e-02 8.699999999999999400e-02 -9.019047119562612069e-02 -1.861370626033634679e+00 -3.816484419989132348e-01 -1.765883494308436441e-01 -2.281216126416859780e+00 1.483863704822669383e-01 8.685727486803521136e-02 8.699999999999999400e-02 -6.187306139289988627e-01 8.496818877524585645e-01 -1.626158443585965785e-01 5.504265266840264736e-01 0.000000000000000000e+00
-1.739999999999999880e-01 2.517913450048254315e-02 8.699999999999999400e-02 5.294962046098459357e-02 -1.734669147391143085e+00 -2.509541955594881690e-01 -2.690861328579456369e-01 -2.128056344307362124e+00 1.195118353172596043e-01 8.818796466930479971e-02 8.699999999999999400e-02 -4.011067697628957207e-01 8.251526831481745816e-01 -1.211937708614508197e-01 6.827325864473363648e-01 0.000000000000000000e+00
-1.739999999999999880e-01 3.051866978498143229e-02 8.699999999999999400e-02 2.376349370268895089e-01 -1.584735328953459366e+00 -1.828647786203924930e-01 -2.346942783989942882e-01 -1.999646278668343768e+00 8.525359860433648351e-02 7.135743376503328461e-02 8.699999999999999400e-02 -1.246120775609331488e-01 6.968547337711470391e-01 -9.982604295590279120e-02 7.850000000000000311e-01 0.000000000000000000e+00
1.772063715346603504e-03 2.582027714370456126e-02 8.699999999999999400e-02 1.869875801896660750e-01 -1.422821865781631168e+00 -1.064082849233688177e-01 -4.350861030283038611e-01 -1.827701464382142760e+00 4.768979606518311543e-02 4.459249471014373190e-02 8.699999999999999400e-02 2.037209727949312044e-01 4.578640604169237349e-01 -1.394588441073898732e-01 7.850000000000000311e-01 0.000000000000000000e+00
1.739999999999999880e-01 9.493329758862870116e-03 8.699999999999999400e-02 2.073003137402763263e-01 -1.488701691861852083e+00 -4.989971378925458501e-01 -7.850000000000000311e-01 -1.630544413897623279e+00 6.401045482638850932e-03 1.170027945296120593e-02 8.699999999999999400e-02 6.267738620206232403e-01 0.000000000000000000e+00 -2.037767962292850454e-01 7.850000000000000311e-01 0.000000000000000000e+00
1.739999999999999880e-01 -1.159169133070236252e-02 8.699999999999999400e-02 4.554208785062768272e-01 -1.541766535326511089e+00 8.699999999999999400e-02 -4.774593148245571683e-01 -1.719272024291568890e+00 -3.426637728223357049e-02 -1.685378444673503451e-02 8.699999999999999400e-02 7.850000000000000311e-01 0.000000000000000000e+00 -3.010410032130214630e-01 7.850000000000000311e-01 0.000000000000000000e+00
1.739999999999999880e-01 -3.247780563829214678e-02 8.699999999999999400e-02 7.239725911601608832e-01 -1.490020032276734518e+00 8.699999999999999400e-02 -2.643593467166704403e-01 -1.662996415154164964e+00 -6.097155369087025462e-02 -3.992159190706848909e-02 8.059298938906200860e-02 7.850000000000000311e-01 0.000000000000000000e+00 -4.061822106497569584e-01 7.850000000000000311e-01 0.000000000000000000e+00
1.739999999999999880e-01 -3.581783691489861393e-02 8.699999999999999400e-02 8.770778227373975389e-01 -1.278587879989821374e+00 -3.319830385985941129e-02 -8.483503169743811245e-02 -1.434250089736854861e+00 -7.526875071520461313e-02 -5.586879727660259282e-02 5.399813360548515184e-02 7.850000000000000311e-01 2.419387960511327762e-01 -2.317744470372164745e-01 7.850000000000000311e-01 6.745181377305140558e-01
1.739999999999999880e-01 -2.877371443149627159e-02 8.699999999999999400e-02 9.013772926873311331e-01 -9.040391484594065830e-01 -6.369879188112605173e-02 1.245367916716441509e-01 -1.465168547024871870e+00 -8.054812718575490860e-02 -5.960376617177809422e-02 -5.840125235789034308e-02 7.850000000000000311e-01 6.533118195624414426e-01 -1.397583258166286146e-01 6.996009839505499261e-01 1.049458127639736560e+00
1.739999999999999880e-01 -3.367985929585154414e-02 8.699999999999999400e-02 6.277381597563110871e-01 0.000000000000000000e+00 -9.576618610663290010e-02 3.008633241164748173e-01 -1.511006788107508214e+00 -7.781630204105814685e-02 -5.533167399627378358e-02 -1.837470521936857837e-01 7.651025314116323139e-01 9.792963238920808777e-01 -1.353539924275090345e-01 5.164674879054724776e-01 1.305827422809446858e+00
1.739999999999999880e-01 -2.961745603485157335e-02 7.553739304795298315e-02 7.451846222783724549e-01 0.000000000000000000e+00 -1.036418215138399657e-01 5.385616564560040676e-01 -1.512186532785660731e+00 -6.882854773370203350e-02 -4.680865870610093765e-02 8.699999999999999400e-02 6.008954367526264662e-01 1.186456939997476923e+00 -1.289369983231501982e-01 3.178411913725068816e-01 1.487489471449345402e+00
1.739999999999999880e-01 -1.770418635474439728e-02 4.210601161830498235e-02 8.322303093392553475e-01 0.000000000000000000e+00 -1.152484737336996884e-01 7.559109405867924236e-01 -1.398688879231110072e+00 -5.705423183916351337e-02 -4.091306391188982011e-02 8.699999999999999400e-02 4.292047652794521717e-01 1.443738030984958343e+00 -1.277674852728659938e-01 9.752762248673303713e-02 1.604987085251845969e+00
1.739999999999999880e-01 -5.998495748640144190e-03 5.482213047264319211e-02 8.687699330666297515e-01 0.000000000000000000e+00 -1.231274210002412800e-01 8.729621927031776529e-01 -1.157750325779434597e+00 -4.180857880435959184e-02 -4.109168896416227901e-02 8.699999999999999400e-02 2.255065054781084655e-01 1.674335030342971820e+00 -1.269318695133195840e-01 -1.410391341441316615e-01 1.662785675782997963e+00
1.739999999999999880e-01 1.193279745225879138e-02 8.699999999999999400e-02 8.700982243007635564e-01 0.000000000000000000e+00 -1.179824523074953502e-01 8.739111270412235344e-01 -7.632568014454026439e-01 -1.901161971111742927e-02 -3.847034866204556564e-02 8.699999999999999400e-02 -1.382693262962296499e-02 1.849150546467607903e+00 -1.227935270956735520e-01 -3.861662522968088984e-01 1.658878011487084692e+00
1.739999999999999880e-01 3.330306509587740299e-02 8.699999999999999400e-02 8.225597900927865691e-01 0.000000000000000000e+00 -1.019738286249498443e-01 6.609418198348628870e-01 0.000000000000000000e+00 1.172854830891023083e-02 -2.840155886413750150e-02 8.699999999999999400e-02 -2.711664917866379865e-01 1.951257549778414813e+00 -1.105735397863679415e-01 -6.048964419225153488e-01 1.586120698060632606e+00
3.422649928314783901e-02 4.850353830951394801e-02 8.699999999999999400e-02 1.046999999999999931e+00 -8.485387101038863733e-01 -7.607860350048008258e-02 9.142209902638981367e-01 0.000000000000000000e+00 4.333042847974052925e-02 -1.134625006659295554e-02 8.699999999999999400e-02 -5.175063694697525918e-01 1.975832084172991721e+00 -9.013221085691608403e-02 -7.680758329615628988e-01 1.460233372888191106e+00
-7.267990025625917228e-02 6.782624950993643154e-02 8.699999999999999400e-02 1.046999999999999931e+00 -1.320483633966874848e+00 -9.070542736709366616e-02 1.046999999999999931e+00 0.000000000000000000e+00 6.931647513763514179e-02 1.333024514634257793e-02 -2.584097332212327222e-02 -7.245775735070609791e-01 1.967324379213284402e+00 -7.002454471605445985e-02 -7.850000000000000311e-01 1.308901760787589907e+00
-1.679381186036665863e-01 8.545112499724515087e-02 8.699999999999999400e-02 1.046999999999999931e+00 -1.713093047837261906e+00 -2.742227253253768926e-01 1.046999999999999931e+00 0.000000000000000000e+00 9.486810329488520876e-02 3.837504711474935826e-02 1.987002543592606557e-03 -7.850000000000000311e-01 1.876219631854515235e+00 -4.130130813694255637e-02 -7.850000000000000311e-01 1.233535210426159878e+00
-1.739999999999999880e-01 7.716343072549740334e-02 8.699999999999999400e-02 1.046999999999999931e+00 -2.096179997243087456e+00 -3.536454664070540210e-01 1.046999999999999931e+00 0.000000000000000000e+00 1.154921270246520304e-01 5.312939608439520844e-02 3.658166333406288884e-02 -7.850000000000000311e-01 1.745433115229861443e+00 -4.320979178053593189e-02 -7.850000000000000311e-01 1.103990652238131531e+00
-1.739999999999999880e-01 6.319125324860032367e-02 8.699999999999999400e-02 1.046999999999999931e+00 -2.355999999999999872e+00 -6.785944744681199348e-01 1.046999999999999931e+00 -5.952923374018990188e-01 1.325859005578289562e-01 6.282542837317925399e-02 7.153826038607059845e-02 -7.850000000000000311e-01 1.564137211507678593e+00 -4.507533549461398975e-02 -7.570909235403084914e-01 9.123479785072579062e-01
-1.739999999999999880e-01 5.070233320020189199e-02 8.699999999999999400e-02 1.023605947040692410e+00 -2.355999999999999872e+00 -7.850000000000000311e-01 1.046999999999999931e+00 -1.205576229406426947e+00 1.465038151160488467e-01 6.788996534699176522e-02 8.699999999999999400e-02 -7.850000000000000311e-01 1.337555856358560114e+00 -6.907466387932362228e-02 -5.661664425434795866e-01 6.435258596305946099e-01
-1.739999999999999880e-01 4.193676052583222846e-02 8.699999999999999400e-02 4.265774460354008202e-01 -2.355999999999999872e+00 -7.850000000000000311e-01 1.046999999999999931e+00 -1.657333085406522244e+00 1.637301115998630596e-01 7.083208992870555776e-02 8.699999999999999400e-02 -7.850000000000000311e-01 1.100972154731824304e+00 -9.765060546170184486e-02 -4.422687078337551037e-01 5.843199732851900308e-01
-1.739999999999999880e-01 3.520553861878946561e-02 8.699999999999999400e-02 -1.902332870788748728e-02 -2.355999999999999872e+00 -7.850000000000000311e-01 1.046999999999999931e+00 -1.982671007589663859e+00 1.739999999999999880e-01 7.023018704206049345e-02 8.699999999999999400e-02 -7.850000000000000311e-01 8.838786816794765855e-01 -1.228388607693919193e-01 -2.831063791030570820e-01 5.917327032631689576e-01
-1.739999999999999880e-01 2.890591102122819570e-02 8.699999999999999400e-02 -2.321415541703645835e-01 -2.355999999999999872e+00 -7.850000000000000311e-01 1.046999999999999931e+00 -2.169859349370678814e+00 1.739999999999999880e-01 6.298149861937646365e-02 8.699999999999999400e-02 -7.850000000000000311e-01 7.349426045723568279e-01 -1.375372320742334342e-01 -6.076561906516204925e-02 4.442967134016377884e-01
-1.739999999999999880e-01 2.498189471002167789e-02 8.699999999999999400e-02 -3.357341346436801821e-01 -2.160362946428056041e+00 -7.850000000000000311e-01 2.685106654574667129e-01 -2.186245249607952523e+00 1.739999999999999880e-01 5.447529613613048827e-02 8.699999999999999400e-02 -7.457032973329235093e-01 4.762945395619384570e-01 -1.397166779355312749e-01 3.057664575895917558e-01 0.000000000000000000e+00
-1.739999999999999880e-01 2.649092175785020334e-02 8.699999999999999400e-02 -3.644522223888059242e-01 -1.992094567608682532e+00 -3.205535887667970152e-01 -1.929068028222693798e-01 -2.348325522918986330e+00 1.739999999999999880e-01 6.042227664841572088e-02 8.699999999999999400e-02 -6.994659670973474297e-01 6.134534141726115664e-01 -1.109766742014809682e-01 4.334692260582879708e-01 0.000000000000000000e+00
-1.739999999999999880e-01 3.317935607458945280e-02 8.699999999999999400e-02 -3.263712456049702171e-01 -1.857731444378863728e+00 -2.293896792107928129e-01 -4.216058972121767834e-01 -2.146199087474671252e+00 1.655837942595573264e-01 7.250072475108144954e-02 8.699999999999999400e-02 -5.880864861317763870e-01 7.677221397504743194e-01 -7.739106582828257641e-02 5.565910501905972918e-01 0.000000000000000000e+00
-1.739999999999999880e-01 3.919795503488991001e-02 8.699999999999999400e-02 -1.997396020504024206e-01 -1.766166809371591206e+00 -1.749078998890263303e-01 -5.022335428019789605e-01 -1.977576771053739080e+00 1.341836292229443006e-01 7.998081914689804395e-02 8.699999999999999400e-02 -3.683545693754798345e-01 7.263770726934497546e-01 -4.815656054430318689e-02 6.794237588193491328e-01 0.000000000000000000e+00
-1.739999999999999880e-01 4.306110996433794996e-02 8.699999999999999400e-02 -1.685555366679043071e-02 -1.669460599459767991e+00 -1.312765696700417262e-01 -4.806036461600708964e-01 -1.887436582131286400e+00 9.681798282461030747e-02 7.719095595591438097e-02 8.699999999999999400e-02 -6.644743969684388518e-02 5.553791451281622216e-01 -3.906932921016392085e-02 7.848511442981705999e-01 0.000000000000000000e+00
-4.238904222195771093e-02 3.609998153952997252e-02 8.699999999999999400e-02 -6.112286279193222122e-03 -1.508611152558741786e+00 -7.096172991555828313e-02 -6.160028113751542245e-01 -1.780263592527325578e+00 5.536025891848318781e-02 6.270968543447220933e-02 8.699999999999999400e-02 3.847230379892454533e-01 6.594996740242731192e-02 -6.596741210860312954e-02 7.850000000000000311e-01 0.000000000000000000e+00
1.739999999999999880e-01 1.806929385850316802e-02 8.699999999999999400e-02 -1.125889646363643082e-01 -1.301410046980543633e+00 -7.850000000000000311e-01 -7.850000000000000311e-01 -1.622287333700015211e+00 1.190855417842002183e-02 4.185085064651964532e-02 8.699999999999999400e-02 5.994859436123931573e-01 0.000000000000000000e+00 -1.113224315260653990e-01 7.850000000000000311e-01 0.000000000000000000e+00
1.739999999999999880e-01 -2.707814600678714895e-03 8.699999999999999400e-02 1.469975603680875875e-01 -1.375166905682272400e+00 -4.415679215430095006e-01 -7.850000000000000311e-01 -1.679739561021300176e+00 -2.935454702033938462e-02 1.907881204123726415e-02 8.699999999999999400e-02 7.648688382628624494e-01 0.000000000000000000e+00 -1.884426622613439295e-01 7.850000000000000311e-01 0.000000000000000000e+00
1.739999999999999880e-01 -2.514069809732315253e-02 8.699999999999999400e-02 3.794794074202331724e-01 -1.483147116749224281e+00 8.699999999999999400e-02 -4.560533598361749541e-01 -1.756037151564037835e+00 -6.331840580564088161e-02 -2.118807900570285341e-03 8.699999999999999400e-02 7.850000000000000311e-01 0.000000000000000000e+00 -1.746634795648874250e-01 7.850000000000000311e-01 5.113506458105989694e-01
1.739999999999999880e-01 -5.525686391943030601e-02 8.699999999999999400e-02 6.376846167253360509e-01 -1.503300098370630167e+00 8.699999999999999400e-02 -2.222431567821518128e-01 -1.682610351107481250e+00 -8.410617969038516883e-02 -1.416788656716556731e-02 8.699999999999999400e-02 7.850000000000000311e-01 0.000000000000000000e+00 -1.231350123096640325e-01 7.850000000000000311e-01 8.501329495297316186e-01
1.739999999999999880e-01 -5.988885892545790096e-02 8.699999999999999400e-02 8.226325650876271656e-01 -1.366716360651913931e+00 -2.106135240926527985e-02 -3.208351995499660048e-02 -1.417284322176021405e+00 -9.259374571432732459e-02 -1.846080516146930001e-02 8.699999999999999400e-02 7.850000000000000311e-01 3.498644600356062284e-01 3.313992144194921607e-02 7.065701829859619698e-01 1.148137318016070552e+00
1.739999999999999880e-01 -6.713805907967447528e-02 8.699999999999999400e-02 9.019268162592668503e-01 -1.102738186491279748e+00 -4.162352883461545999e-02 1.918645583981488378e-01 -1.510627357410005978e+00 -9.193945607749386129e-02 -1.779449102082769629e-02 1.385556923742151114e-02 7.850000000000000311e-01 7.191741542086642625e-01 8.699999999999999400e-02 5.755406896654292614e-01 1.399161937341342643e+00
1.739999999999999880e-01 -8.503695510646686051e-02 8.699999999999999400e-02 8.717760611113440916e-01 -7.041072005188846461e-01 -6.338115997511666044e-02 3.525209068100346732e-01 -1.546760086157072500e+00 -8.358706841770288665e-02 -1.131825319768106457e-02 8.699999999999999400e-02 6.978888697856041601e-01 1.005592770399129421e+00 8.699999999999999400e-02 3.920642211026083568e-01 1.604489279284135428e+00
1.739999999999999880e-01 -7.744020383783062345e-02 8.699999999999999400e-02 6.737816271166565674e-01 0.000000000000000000e+00 -6.851547483906963998e-02 5.915985540646748753e-01 -1.546773401131682490e+00 -6.847153518961528185e-02 3.651363660867151719e-03 -1.854930624507854231e-01 5.766578831284020490e-01 1.306025408916905661e+00 8.699999999999999400e-02 1.716574277581890406e-01 1.758158240064229716e+00
1.739999999999999880e-01 -6.958465552026518730e-02 8.699999999999999400e-02 7.765185085826274980e-01 0.000000000000000000e+00 -7.024888843778645531e-02 7.960744613815888826e-01 -1.442264239504208234e+00 -5.049086339971566029e-02 1.405735361968842717e-02 -2.302872127102158217e-01 4.197404433149547476e-01 1.530751402487532609e+00 -8.935721437123904376e-02 -9.847539605605784563e-02 1.781954216583527817e+00
1.739999999999999880e-01 -6.492725872603294368e-02 8.699999999999999400e-02 8.429616251000722205e-01 0.000000000000000000e+00 -6.912422636299993262e-02 9.130807978453876483e-01 -1.222955664104471651e+00 -2.958664136875287232e-02 2.183992032725311921e-02 8.699999999999999400e-02 1.565768282294497382e-01 1.650389022452241505e+00 -7.786527822913943964e-02 -3.529013671431721622e-01 1.805808426743440442e+00
1.739999999999999880e-01 -5.350437634891999639e-02 8.699999999999999400e-02 8.616096072945648165e-01 0.000000000000000000e+00 -6.012575885160516276e-02 9.318156082278266084e-01 -8.749509828479080653e-01 -5.571920473345894770e-03 3.073716958882200673e-02 8.699999999999999400e-02 -6.222934338672535259e-02 1.773383799838587294e+00 -6.650300918024186492e-02 -5.786138260512498910e-01 1.755599014518652190e+00
1.336338195548222307e-01 -3.568576602819208132e-02 8.699999999999999400e-02 8.869991480781043158e-01 0.000000000000000000e+00 -5.231614444554685828e-02 7.371306003906676896e-01 -6.796792710449395258e-02 2.208019803004509021e-02 4.787765438470913126e-02 8.699999999999999400e-02 -2.859882423946189522e-01 1.829812313938399271e+00 -4.490956192966758659e-02 -7.417926050827230444e-01 1.633237441790473810e+00
3.742511391259582907e-03 -1.680200877148881403e-02 8.699999999999999400e-02 1.046999999999999931e+00 -5.386551626490110323e-01 -3.112612052728037926e-02 9.337518987153701211e-01 0.000000000000000000e+00 4.994508911195572748e-02 6.634755093786862123e-02 -7.198388572490105330e-02 -5.020617311077351097e-01 1.859218566883891199e+00 -2.989369486948481938e-02 -7.850000000000000311e-01 1.451240368080012999e+00
-1.082269176943506939e-01 6.666316895156867289e-04 8.699999999999999400e-02 1.046999999999999931e+00 -1.165251161293209492e+00 -6.585334630108589937e-02 1.046999999999999931e+00 0.000000000000000000e+00 7.577197929513578012e-02 8.607013549423706000e-02 -5.285324756200628082e-02 -7.046125954798623248e-01 1.809571616268795147e+00 -3.228108576451405032e-02 -7.850000000000000311e-01 1.247818055715758767e+00
-1.739999999999999880e-01 2.255752726131786054e-02 8.699999999999999400e-02 1.046999999999999931e+00 -1.630502065866970440e+00 -2.128382688623033370e-01 1.046999999999999931e+00 0.000000000000000000e+00 1.016579547796735289e-01 1.027282947739063534e-01 -2.386176704323231257e-02 -7.850000000000000311e-01 1.710993986488420049e+00 -4.152100285026849580e-02 -7.824353193805111406e-01 1.094788250028368992e+00
-1.739999999999999880e-01 3.121517448442470699e-02 8.699999999999999400e-02 1.046999999999999931e+00 -2.044130677449071953e+00 -5.396344127563128534e-01 1.046999999999999931e+00 -4.242852519068609496e-01 1.231652391640503941e-01 1.114472409479182330e-01 1.347767841143642301e-02 -7.850000000000000311e-01 1.563251429730620146e+00 -7.146668236613830383e-02 -6.523072094263236975e-01 8.676678357318996504e-01
-1.739999999999999880e-01 3.033478441338400416e-02 8.699999999999999400e-02 1.046999999999999931e+00 -2.338421014812226417e+00 -7.850000000000000311e-01 1.046999999999999931e+00 -1.129391697244371606e+00 1.409346370274958404e-01 1.122544790315843644e-01 6.383859152130824666e-02 -7.850000000000000311e-01 1.379528106078485195e+00 -1.064869913657543743e-01 -5.404265082624127858e-01 7.355792783043044736e-01
-1.739999999999999880e-01 2.567565880967865102e-02 8.699999999999999400e-02 9.270657844573795270e-01 -2.355999999999999872e+00 -7.850000000000000311e-01 1.046999999999999931e+00 -1.603878658039491256e+00 1.573036590389492173e-01 1.026255028775043820e-01 8.699999999999999400e-02 -7.850000000000000311e-01 1.176652625373735717e+00 -1.397298591212642327e-01 -4.015594563937748274e-01 7.066241165239333100e-01
-1.739999999999999880e-01 2.164881197465575932e-02 8.699999999999999400e-02 4.710451973608429932e-01 -2.355999999999999872e+00 -7.850000000000000311e-01 1.046999999999999931e+00 -1.919070543284795427e+00 1.698166397070685063e-01 8.726019478302227128e-02 8.699999999999999400e-02 -7.850000000000000311e-01 9.708818481686094515e-01 -1.682517993381750232e-01 -1.930853217621767703e-01 5.982073327046730782e-01
-1.739999999999999880e-01 1.762382117741454618e-02 8.699999999999999400e-02 1.957923824603281515e-01 -2.311532430343082201e+00 -7.850000000000000311e-01 1.046999999999999931e+00 -2.134975815276280997e+00 1.730194721857221951e-01 6.241504090684522887e-02 8.699999999999999400e-02 -7.850000000000000311e-01 8.324766018861904371e-01 -1.896492598686062570e-01 1.241923191524808012e-01 2.444009070518768922e-01
-1.739999999999999880e-01 2.023100350274127310e-02 8.699999999999999400e-02 3.802132591546075052e-02 -2.096395633911139811e+00 -7.850000000000000311e-01 5.249273794726753151e-01 -2.182756737972821881e+00 1.644999994320471004e-01 5.208880883011791224e-02 8.699999999999999400e-02 -7.850000000000000311e-01 6.580869268862823418e-01 -1.886309026455881277e-01 3.902211491731649162e-01 0.000000000000000000e+00
-1.739999999999999880e-01 2.590001765526111707e-02 8.699999999999999400e-02 -1.604421242750185550e-02 -1.917003035170999681e+00 -4.021690467095173083e-01 -2.768942216190622627e-03 -2.355999999999999872e+00 1.494487216570973553e-01 6.046745549104601269e-02 8.699999999999999400e-02 -7.634373272347003692e-01 7.852598144475635422e-01 -1.588900218173462942e-01 5.296031577848794303e-01 0.000000000000000000e+00
-1.739999999999999880e-01 3.844209841537449268e-02 8.699999999999999400e-02 2.401177472662162707e-02 -1.785071114038773388e+00 -2.662427891393798207e-01 -1.987365313566213931e-01 -2.242189384481770631e+00 1.291359752616447198e-01 7.198204948608140363e-02 8.699999999999999400e-02 -6.525476852510501136e-01 9.510454912860417664e-01 -1.298069000577146970e-01 6.554849997586981170e-01 0.000000000000000000e+00
-1.739999999999999880e-01 4.311933139889385924e-02 8.699999999999999400e-02 1.417258908330249201e-01 -1.667422326763008833e+00 -1.632633680618590655e-01 -2.380440288083982836e-01 -2.084203502517530282e+00 9.682426621913368947e-02 7.922036812681290674e-02 8.699999999999999400e-02 -4.631447427952702922e-01 9.759091397947816660e-01 -1.007035196848873326e-01 7.718369910947094903e-01 0.000000000000000000e+00
-4.228949340409901558e-02 3.821475542611748460e-02 8.699999999999999400e-02 1.184818068584299611e-01 -1.515800012512117156e+00 4.817882854477528731e-02 -4.265913993473085530e-01 -1.943400144589760181e+00 5.554014420463026375e-02 7.271599356592922669e-02 8.699999999999999400e-02 -2.220164725685621065e-01 9.271981149046215620e-01 -1.112774786684535139e-01 7.850000000000000311e-01 0.000000000000000000e+00
1.739999999999999880e-01 2.938197079452927254e-02 8.699999999999999400e-02 2.605497193502500156e-02 -1.494900093641787109e+00 -3.289063486356628152e-01 -7.771526183210811789e-01 -1.681982492407491314e+00 1.285701986968718416e-02 5.667932924470543699e-02 8.699999999999999400e-02 3.463577897082474599e-02 8.387587161909877409e-01 -1.548369389506189242e-01 7.850000000000000311e-01 0.000000000000000000e+00
1.739999999999999880e-01 9.092418738435451356e-03 8.699999999999999400e-02 2.283370921525071096e-01 -1.610797936301615607e+00 8.699999999999999400e-02 -5.817023380296738599e-01 -1.702874993628087807e+00 -3.146149368517697775e-02 3.650152203706366616e-02 8.699999999999999400e-02 2.856670586236398357e-01 7.298860482462909971e-01 -1.623232612165454170e-01 7.850000000000000311e-01 3.800377952658173797e-01
1.739999999999999880e-01 -2.536249058658932021e-02 8.699999999999999400e-02 4.586470410858405899e-01 -1.705178116764797025e+00 8.699999999999999400e-02 -3.879485438394654762e-01 -1.705773789803004092e+00 -6.952211055728646505e-02 2.072261875431729433e-02 7.349673877455074888e-02 5.384808701756509386e-01 5.675890266974068510e-01 -1.963295482037453188e-01 7.850000000000000311e-01 6.945803840044018074e-01
1.739999999999999880e-01 -4.622296715745256163e-02 8.699999999999999400e-02 7.141830815872588500e-01 -1.709224932467421354e+00 2.225274931866694228e-03 -1.632413597040472397e-01 -1.594284549698582687e+00 -8.990998379292663989e-02 8.038482189766115588e-03 3.921648853161133902e-02 6.665816596204124922e-01 5.612781916107332236e-01 6.463970906166049968e-02 6.442141485102299558e-01 1.100917327633171183e+00
1.739999999999999880e-01 -5.087719735105931257e-02 8.699999999999999400e-02 9.243539634483485257e-01 -1.606460047737334307e+00 -2.477345790503433093e-02 6.827883492062248455e-03 -1.540454443879473168e+00 -9.566770448043582231e-02 -1.240592529499244361e-03 1.830100268963476620e-02 7.019452495630839062e-01 6.397080365747935815e-01 8.699999999999999400e-02 5.327504855214147961e-01 1.328364506569182701e+00
1.739999999999999880e-01 -6.246763401915646219e-02 8.699999999999999400e-02 1.042190110804833481e+00 -1.426565364169583461e+00 -1.056636151370884125e-01 1.452635024021489418e-01 -1.603915749643924471e+00 -8.756681569858633385e-02 -7.799573552093228522e-03 -9.215881844247914012e-02 6.334021948657421186e-01 8.816894172173643796e-01 8.699999999999999400e-02 3.601314252860383092e-01 1.537128540779757024e+00
1.739999999999999880e-01 -8.132326834763764500e-02 6.619632535663891315e-02 1.046999999999999931e+00 -1.173393894376785873e+00 -1.462990001138891882e-01 3.303238493336978499e-01 -1.645816574911014740e+00 -7.006513805140682227e-02 -1.292028694831887960e-02 -1.420239912119751202e-01 5.347695596325240386e-01 1.103530237462154062e+00 -1.184354948515854988e-01 1.190464466376148639e-01 1.627636352872508851e+00
1.739999999999999880e-01 -7.406356412796565036e-02 3.580770457864738965e-02 1.012025505491972011e+00 -7.471247669430853833e-01 -1.827143846816474959e-01 4.977378354863857823e-01 -1.642760615154550408e+00 -5.216540109372389683e-02 -5.729772207000413502e-03 -1.865159818909091494e-01 4.112531706001352205e-01 1.315619543535284208e+00 -1.134194239071648902e-01 -1.441295633621379468e-01 1.750410022511057484e+00
1.739999999999999880e-01 -7.402225329175617097e-02 8.582712431289088797e-03 7.639303408825940389e-01 0.000000000000000000e+00 -1.873584313149499747e-01 6.901797885070458660e-01 -1.602056226770306679e+00 -3.273592585674352934e-02 -3.457118674431660169e-03 -2.299579929509615595e-01 2.717727297213615167e-01 1.518631893199687610e+00 -1.129954372301416876e-01 -4.009777439321307035e-01 1.785465226744783251e+00
1.739999999999999880e-01 -7.210924358062276163e-02 -1.437346199225774009e-02 8.302900607383401077e-01 0.000000000000000000e+00 -2.031835939283987980e-01 8.621314325513578236e-01 -1.456259648704928189e+00 -8.427393987664101582e-03 -3.143493317648962497e-03 -2.575802363424433139e-01 1.052617313834225132e-01 1.687171687604288373e+00 -1.080044397915679577e-01 -6.264570416703288958e-01 1.740495282811468591e+00
1.542958751042124987e-01 -6.152223997196471644e-02 -8.665230448554366721e-03 8.817703295795668028e-01 0.000000000000000000e+00 -2.055663677868751482e-01 9.777907515992645404e-01 -1.229223588101930886e+00 1.747573549803587908e-02 -1.944903432836974809e-03 8.699999999999999400e-02 -1.570803098839197443e-01 1.735421350699384746e+00 -9.819259223392602653e-02 -7.850000000000000311e-01 1.628669158274607121e+00
2.257234157345055711e-02 -4.331477602452869086e-02 4.510383493005318961e-02 1.046680372323121055e+00 0.000000000000000000e+00 -1.972323463871727411e-01 1.046999999999999931e+00 -7.554340164060553420e-01 4.580355046956428172e-02 6.187818965242108775e-03 -8.153184287730154411e-02 -3.719013930047706529e-01 1.817609331006288187e+00 -8.506835390619486847e-02 -7.850000000000000311e-01 1.449798045169364613e+00
-1.228258771350328460e-01 -2.301227504236328172e-02 8.699999999999999400e-02 1.046999999999999931e+00 0.000000000000000000e+00 -1.722306948428612428e-01 9.682520669923775358e-01 0.000000000000000000e+00 7.850189372348355399e-02 1.968749734624433353e-02 -6.627851338702382689e-02 -5.974481679271839152e-01 1.812885052059316493e+00 -8.350282553697976895e-02 -7.850000000000000311e-01 1.200407289200869698e+00
-1.739999999999999880e-01 6.712080233981015595e-03 8.699999999999999400e-02 1.046999999999999931e+00 -1.066056401797897735e+00 -1.844565380978037961e-01 1.046999999999999931e+00 0.000000000000000000e+00 1.091095037525996458e-01 4.065503707529085492e-02 -3.467767117679153993e-02 -7.850000000000000311e-01 1.752600483959193767e+00 -7.573716384904517762e-02 -7.850000000000000311e-01 9.970182232090589736e-01
-1.739999999999999880e-01 3.786687248753744378e-02 8.699999999999999400e-02 1.046999999999999931e+00 -1.575519452626000572e+00 -2.399688311990993139e-01 1.046999999999999931e+00 0.000000000000000000e+00 1.407471756633341953e-01 5.842083780762469258e-02 4.344070789126758085e-03 -7.850000000000000311e-01 1.629452417637802242e+00 -6.494575603124953800e-02 -7.850000000000000311e-01 7.967474956760192129e-01
-1.739999999999999880e-01 5.760310340141538282e-02 8.699999999999999400e-02 1.046999999999999931e+00 -1.980517543776045386e+00 -4.475491189681221615e-01 1.046999999999999931e+00 -3.279017630243634684e-01 1.706638194248169260e-01 7.191325286010773199e-02 5.917216619469525124e-02 -7.850000000000000311e-01 1.440223832699428996e+00 -4.697826417836758334e-02 -7.241876684153322197e-01 5.949710293719387977e-01
-1.739999999999999880e-01 6.148653914273843196e-02 8.699999999999999400e-02 1.046999999999999931e+00 -2.333226484895743802e+00 -7.543757293683691634e-01 1.046999999999999931e+00 -9.568658160038090443e-01 1.739999999999999880e-01 7.261928896784648757e-02 8.699999999999999400e-02 -7.850000000000000311e-01 1.248327794246856470e+00 -6.786674905207290553e-02 -6.887748822557103745e-01 6.817863141077413758e-01
-1.739999999999999880e-01 5.454844510771048732e-02 8.699999999999999400e-02 1.046999999999999931e+00 -2.355999999999999872e+00 -7.850000000000000311e-01 1.046999999999999931e+00 -1.516387671707989604e+00 1.739999999999999880e-01 6.423121078414451013e-02 8.699999999999999400e-02 -7.850000000000000311e-01 1.053671706562342436e+00 -9.510213772216653816e-02 -6.220449062155661846e-01 8.058998301363056171e-01
-1.739999999999999880e-01 5.169375623045462803e-02 8.699999999999999400e-02 4.559705745263209486e-01 -2.355999999999999872e+00 -7.850000000000000311e-01 1.046999999999999931e+00 -1.921610544514509300e+00 1.739999999999999880e-01 5.107299327211890783e-02 8.699999999999999400e-02 -7.850000000000000311e-01 8.449262784244320201e-01 -1.363289423154060154e-01 -4.896188219163570277e-01 8.157160896077133572e-01
-1.739999999999999880e-01 4.526508178321070330e-02 8.699999999999999400e-02 3.540491101392025195e-03 -2.355999999999999872e+00 -6.397154292216578053e-01 1.046999999999999931e+00 -2.265390170073502851e+00 1.739999999999999880e-01 4.107885576986295556e-02 8.699999999999999400e-02 -7.850000000000000311e-01 7.290509165263969749e-01 -1.731185962190581740e-01 -3.224706233779944808e-01 7.329161792654446117e-01
-1.739999999999999880e-01 4.086237193228420272e-02 8.699999999999999400e-02 -2.280836549759332477e-01 -2.267528870797090867e+00 -4.438831475854911335e-01 8.504745507482086575e-01 -2.355999999999999872e+00 1.739999999999999880e-01 4.773689370985072927e-02 8.699999999999999400e-02 -7.850000000000000311e-01 5.324176215527955947e-01 -1.842235416549723170e-01 -1.390225893490971421e-01 6.065783092329741777e-01
-1.739999999999999880e-01 3.839813646031309952e-02 8.699999999999999400e-02 -3.800930690227699027e-01 -2.098335777280865955e+00 -2.221678946100676122e-01 3.749548529361274030e-01 -2.355999999999999872e+00 1.739999999999999880e-01 6.440249796141921113e-02 8.699999999999999400e-02 -7.850000000000000311e-01 6.627213379418179784e-01 -1.671237145240949962e-01 2.835966397208411136e-02 5.133967012730522583e-01
-1.739999999999999880e-01 4.856549721277993170e-02 8.699999999999999400e-02 -4.737285782516151289e-01 -1.978492989436750449e+00 -1.545074655246973794e-01 1.981668134711345730e-01 -2.207453465821212824e+00 1.655422179151766204e-01 8.253467722702408083e-02 8.699999999999999400e-02 -7.441982071332893245e-01 8.295866443241521893e-01 -1.463897387678888828e-01 2.010596208934883056e-01 4.141588857009335101e-01
-1.739999999999999880e-01 5.074293188973009322e-02 8.699999999999999400e-02 -4.836633886063880228e-01 -1.899525698006678809e+00 -1.545356503364055667e-01 1.557595958584032936e-01 -1.975253685015267990e+00 1.329108949533205075e-01 8.241037577123015712e-02 8.699999999999999400e-02 -6.136407608661499369e-01 9.119443448523201212e-01 -1.264996231286592554e-01 5.468379820502121680e-01 0.000000000000000000e+00
-1.739999999999999880e-01 5.287022532866743341e-02 8.699999999999999400e-02 -4.102235097516991891e-01 -1.886592148274741199e+00 -1.488354099321947954e-01 2.350629175506740165e-01 -1.750735962202554674e+00 9.482786159966424822e-02 6.042011371060083957e-02 8.699999999999999400e-02 -4.385255478133629481e-01 9.147286960116769450e-01 -1.133514063643169117e-01 6.762567754548974852e-01 0.000000000000000000e+00
-3.744275954148664626e-02 4.585204677112548338e-02 8.699999999999999400e-02 -4.888845070748775723e-01 -1.842142326549836895e+00 -1.575143690369016844e-02 2.025582407560922726e-01 -1.621391291625541520e+00 5.517603931243295762e-02 2.974858678932686129e-02 8.699999999999999400e-02 -2.393810295204975291e-01 8.852766340620350505e-01 -1.047221058366831492e-01 7.850000000000000311e-01 0.000000000000000000e+00
1.739999999999999880e-01 4.178495001622341970e-02 8.699999999999999400e-02 -6.468576771794621871e-01 -1.735512915403727874e+00 2.212114923760426580e-02 7.086992639081496348e-02 -1.503902647175035412e+00 1.530089244851844978e-02 4.619281185850503645e-03 8.699999999999999400e-02 -2.691773719677169330e-02 8.225338188922561855e-01 -1.405102482921652407e-01 7.850000000000000311e-01 0.000000000000000000e+00
1.739999999999999880e-01 3.848270021910862870e-02 8.699999999999999400e-02 -4.609886446273458449e-01 -1.690303461848397859e+00 1.178526570044948103e-02 2.609125879531902226e-01 -1.583080044839153544e+00 -2.506736664644533541e-02 -1.378597278639158430e-02 8.699999999999999400e-02 1.730874979391528734e-01 7.601413611549947547e-01 -1.962766563053103541e-01 7.850000000000000311e-01 0.000000000000000000e+00
1.739999999999999880e-01 4.143520050812311145e-02 8.699999999999999400e-02 -2.712464127913592482e-01 -1.606198657881802383e+00 -2.569477157344081733e-02 4.238631579468003507e-01 -1.625047139073663161e+00 -6.123224522400948916e-02 -2.710199942084499589e-02 8.699999999999999400e-02 3.612655789391384098e-01 7.009222809774078300e-01 -1.261222763103768962e-01 7.635432283256193831e-01 6.272921659839729713e-01
1.739999999999999880e-01 3.713971111466267405e-02 8.699999999999999400e-02 -9.722513570280448547e-02 -1.475263424023140146e+00 -4.044920705767867525e-02 6.088490899839678061e-01 -1.657925651484363883e+00 -8.707009518765793099e-02 -3.985465083341704212e-02 8.699999999999999400e-02 4.766314939772796078e-01 7.452409598585880701e-01 -1.182549666401385147e-01 6.943892991969778938e-01 9.140435431776907649e-01
1.739999999999999880e-01 -6.671941416963450555e-02 8.699999999999999400e-02 7.635514794058173571e-01 0.000000000000000000e+00 -1.193603986041022191e-01 7.491305161565583459e-01 -1.255203080384925229e+00 -1.049212505972576814e-01 1.803838209102999468e-02 -2.163388125132464923e-02 2.329425664185469369e-01 1.616315298956143565e+00 8.699999999999999400e-02 -1.016945297863966757e-01 1.903468392745506499e+00
