-9.999999999999999799e-13 -9.999999999999999799e-13 8.699999999999999400e-02 1.038504778846889076e+00 -6.524404781930952524e-01 -1.538089195684916310e-01 4.460405894658075465e-01 -1.768468595817063616e+00 9.999999999999999799e-13 -9.999999999999999799e-13 8.699999999999999400e-02 4.322033263176131013e-01 3.874377549760232853e-01 -2.005003779280462584e-01 -6.305598710765412118e-01 9.643795812477629070e-01
-9.999999999999999799e-13 -9.999999999999999799e-13 8.699999999999999400e-02 9.475272308728205362e-01 -3.841498845266855255e-01 -1.124045052357841579e-01 4.769451483346623388e-01 -1.706314013006469565e+00 9.999999999999999799e-13 -9.999999999999999799e-13 8.699999999999999400e-02 5.370273287292471887e-01 2.370480338630738260e-01 -2.059606314956861639e-01 -5.558402041965606610e-01 8.994413021992428980e-01
-9.999999999999999799e-13 -9.999999999999999799e-13 8.699999999999999400e-02 8.027631305346253354e-01 0.000000000000000000e+00 -1.078727950335958696e-01 5.347075037127652086e-01 -1.631561455155885021e+00 9.999999999999999799e-13 -9.999999999999999799e-13 8.699999999999999400e-02 5.478900370293537936e-01 2.717369551842887532e-01 -2.213719387551556783e-01 -5.028371509661329064e-01 8.956896248549393036e-01
-9.999999999999999799e-13 -9.999999999999999799e-13 8.699999999999999400e-02 8.396545378307294083e-01 0.000000000000000000e+00 -1.355890926577197064e-01 5.996438468285483214e-01 -1.577279809009235478e+00 9.999999999999999799e-13 -9.999999999999999799e-13 8.699999999999999400e-02 4.872427144417488809e-01 4.396324761084837718e-01 -2.275743873613544632e-01 -4.636069082356114590e-01 9.010571588101807805e-01
-9.999999999999999799e-13 -9.999999999999999799e-13 8.699999999999999400e-02 8.731497931883148711e-01 0.000000000000000000e+00 -1.803064751216478245e-01 6.875941913900847080e-01 -1.584055911932680694e+00 9.999999999999999799e-13 -9.999999999999999799e-13 8.435196148427447083e-02 4.226467381727697648e-01 5.847095655687173377e-01 -2.277608139628845008e-01 -4.275889415993222586e-01 9.272000031898066652e-01
-9.999999999999999799e-13 -9.999999999999999799e-13 8.699999999999999400e-02 8.915859149466746070e-01 0.000000000000000000e+00 -1.613371597201397889e-01 7.526804246428798750e-01 -1.582797873114344611e+00 9.999999999999999799e-13 -9.999999999999999799e-13 6.897524556460213341e-02 3.151935204662649204e-01 7.606871825069543291e-01 -2.268301526858578498e-01 -3.878757764381416950e-01 9.543836957512734642e-01
-9.999999999999999799e-13 -9.999999999999999799e-13 8.699999999999999400e-02 8.865124955330955236e-01 0.000000000000000000e+00 -1.767424133082231841e-01 8.183878039170425778e-01 -1.565884077716067857e+00 9.999999999999999799e-13 -9.999999999999999799e-13 5.872381727132146290e-02 1.899399068465535412e-01 9.343860333187059553e-01 -2.277340632277020660e-01 -3.410950201023372763e-01 9.645465382531579479e-01
9.999999999999999799e-13 -9.999999999999999799e-13 8.699999999999999400e-02 1.046999999999999931e+00 -4.219552262872952042e-01 -1.882898121737994201e-01 8.858671744948628524e-01 -1.549573042438926684e+00 9.999999999999999799e-13 9.999999999999999799e-13 5.425174373760728586e-02 5.487929025076203338e-02 1.103552159280918765e+00 -2.282238512505086470e-01 -2.901130538354884103e-01 9.646733445355364367e-01
9.999999999999999799e-13 -9.999999999999999799e-13 8.699999999999999400e-02 1.046999999999999931e+00 -8.200687471016694374e-01 -1.901013622633284383e-01 9.539763880294240828e-01 -1.537293447741347130e+00 9.999999999999999799e-13 9.999999999999999799e-13 5.054292923505834811e-02 -6.770569400722722953e-02 1.245072182762471336e+00 -2.260774881052767527e-01 -2.392982491522532007e-01 9.685502153880785059e-01
9.999999999999999799e-13 -9.999999999999999799e-13 8.699999999999999400e-02 1.046999999999999931e+00 -1.171234997750317142e+00 -1.860176689359802071e-01 1.019314089541454749e+00 -1.519318518257870565e+00 9.999999999999999799e-13 9.999999999999999799e-13 4.555140925914034217e-02 -1.939878088583506799e-01 1.360056124580593995e+00 -2.222541533399853553e-01 -1.797923539307705321e-01 9.551073038546196159e-01
9.999999999999999799e-13 -9.999999999999999799e-13 8.699999999999999400e-02 1.046999999999999931e+00 -1.504456307019834682e+00 -1.849941156291428634e-01 1.046999999999999931e+00 -1.482649238670553871e+00 9.999999999999999799e-13 9.999999999999999799e-13 4.456238246652031304e-02 -3.275173187837414623e-01 1.438093711405690200e+00 -2.201995805216478419e-01 -1.185424921816840838e-01 9.290238776745791682e-01
9.999999999999999799e-13 -9.999999999999999799e-13 8.699999999999999400e-02 1.046999999999999931e+00 -1.760954015762827396e+00 -1.865498553784758484e-01 1.046999999999999931e+00 -1.428074795705808420e+00 9.999999999999999799e-13 9.999999999999999799e-13 4.645792708881694294e-02 -4.635236868716074987e-01 1.481141008926494251e+00 -2.185011037914416088e-01 -4.571294641506423728e-02 8.770927380598152467e-01
9.999999999999999799e-13 -9.999999999999999799e-13 8.699999999999999400e-02 1.046999999999999931e+00 -1.964083064545545376e+00 -1.827207497973132033e-01 1.046999999999999931e+00 -1.365833327090947513e+00 9.999999999999999799e-13 9.999999999999999799e-13 5.019433885225246805e-02 -5.788882865416791201e-01 1.491240564040049676e+00 -2.178233654974028877e-01 3.313972671555078658e-02 8.075317972432873859e-01
9.999999999999999799e-13 -9.999999999999999799e-13 8.699999999999999400e-02 9.204626000117113183e-01 -2.079314069207603310e+00 -1.772602951624679124e-01 1.046999999999999931e+00 -1.287722567825612785e+00 9.999999999999999799e-13 9.999999999999999799e-13 6.108347078877823105e-02 -6.790819535394801987e-01 1.465403885369432224e+00 -2.209344527622415233e-01 1.244613825468258023e-01 7.131410942280158594e-01
9.999999999999999799e-13 -9.999999999999999799e-13 8.699999999999999400e-02 6.885150173398163487e-01 -2.107782586560452920e+00 -1.724115838236712495e-01 1.046999999999999931e+00 -1.201537226482415122e+00 9.999999999999999799e-13 9.999999999999999799e-13 7.695702783925929824e-02 -7.538141016786763515e-01 1.407218311583573467e+00 -2.275277995838809464e-01 2.241024307913816460e-01 5.931484539809712686e-01
9.999999999999999799e-13 9.999999999999999799e-13 8.699999999999999400e-02 5.111261563993585444e-01 -2.064448468323639041e+00 -1.683852789303287023e-01 1.046999999999999931e+00 -1.093411679022014305e+00 9.999999999999999799e-13 9.999999999999999799e-13 8.699999999999999400e-02 -7.850000000000000311e-01 1.331804867104182222e+00 -2.337128312238468397e-01 3.496745013052746653e-01 4.246031080934855595e-01
-9.999999999999999799e-13 9.999999999999999799e-13 8.699999999999999400e-02 4.116213609930129413e-01 -1.978363853102248271e+00 -1.643132381217234372e-01 1.046999999999999931e+00 -9.597009350625800295e-01 9.999999999999999799e-13 9.999999999999999799e-13 8.699999999999999400e-02 -7.850000000000000311e-01 1.256281723945042117e+00 -2.396622983638812543e-01 5.804552080812023229e-01 4.153421218448727359e-02
-9.999999999999999799e-13 9.999999999999999799e-13 8.699999999999999400e-02 3.434480894429731146e-01 -1.925579660566261175e+00 -1.635397830833728028e-01 1.046999999999999931e+00 -8.027315244529784621e-01 9.999999999999999799e-13 9.999999999999999799e-13 8.699999999999999400e-02 -7.850000000000000311e-01 1.186353273211569359e+00 -2.413030592514913142e-01 6.331016344356994452e-01 0.000000000000000000e+00
-9.999999999999999799e-13 9.999999999999999799e-13 8.699999999999999400e-02 3.079877938703496354e-01 -1.819821533557025361e+00 -1.612715950133611909e-01 1.046999999999999931e+00 -6.187190911231565948e-01 9.999999999999999799e-13 9.999999999999999799e-13 8.699999999999999400e-02 -7.850000000000000311e-01 1.126815672063814056e+00 -2.425156675020982699e-01 6.640203263122296251e-01 0.000000000000000000e+00
-9.999999999999999799e-13 9.999999999999999799e-13 8.699999999999999400e-02 3.148972386001189783e-01 -1.744477643464875882e+00 -1.641759026730265636e-01 9.551063538730966140e-01 -3.288184691606179655e-01 9.999999999999999799e-13 9.999999999999999799e-13 8.699999999999999400e-02 -7.480942155415151174e-01 1.051995657099890735e+00 -2.375364088621391145e-01 6.947416882854766662e-01 0.000000000000000000e+00
-9.999999999999999799e-13 9.999999999999999799e-13 8.699999999999999400e-02 3.660561009619368034e-01 -1.692429646524958642e+00 -1.615577794431948544e-01 8.316089240107109593e-01 0.000000000000000000e+00 9.999999999999999799e-13 9.999999999999999799e-13 8.699999999999999400e-02 -6.983977296593480988e-01 1.017011982635322553e+00 -2.295806483856420721e-01 7.218148081895388035e-01 0.000000000000000000e+00
-9.999999999999999799e-13 9.999999999999999799e-13 8.699999999999999400e-02 4.457349253774534614e-01 -1.641235684060203148e+00 -1.555500312762834458e-01 8.650517663954125913e-01 0.000000000000000000e+00 9.999999999999999799e-13 9.999999999999999799e-13 8.699999999999999400e-02 -6.623180711990619418e-01 1.060933906162190077e+00 -2.229115643125479385e-01 7.473483767045470127e-01 0.000000000000000000e+00
-9.999999999999999799e-13 9.999999999999999799e-13 8.699999999999999400e-02 5.268321497834579370e-01 -1.585690579085710539e+00 -1.537166898772987789e-01 8.991881304335958003e-01 0.000000000000000000e+00 9.999999999999999799e-13 9.999999999999999799e-13 8.699999999999999400e-02 -6.347700389933402798e-01 1.093265242517360569e+00 -2.109164589727225425e-01 7.619394747796803813e-01 0.000000000000000000e+00
-9.999999999999999799e-13 9.999999999999999799e-13 8.699999999999999400e-02 6.343362834038355214e-01 -1.634612193162206850e+00 -1.491577486142381670e-01 9.286944334535099932e-01 0.000000000000000000e+00 9.999999999999999799e-13 9.999999999999999799e-13 8.699999999999999400e-02 -6.047917675154154127e-01 1.134365193749163225e+00 -1.981560169546665862e-01 6.506432587123790467e-01 1.940751980202151117e-01
-9.999999999999999799e-13 9.999999999999999799e-13 8.699999999999999400e-02 6.934323738144427818e-01 -1.631518808476476678e+00 -1.379038409053667258e-01 9.390428714872048888e-01 0.000000000000000000e+00 9.999999999999999799e-13 9.999999999999999799e-13 8.699999999999999400e-02 -5.659311334551715422e-01 1.162783686420688412e+00 -1.813354886631023677e-01 4.421666812968445548e-01 5.324688199837730451e-01
-9.999999999999999799e-13 9.999999999999999799e-13 8.699999999999999400e-02 7.852275851862069445e-01 -1.644523784423209456e+00 -1.392148704572895024e-01 9.272602392898382506e-01 0.000000000000000000e+00 9.999999999999999799e-13 9.999999999999999799e-13 8.699999999999999400e-02 -5.233025287679985427e-01 1.185494060508805347e+00 -1.725108492549934924e-01 2.782005028721568074e-01 7.659987600573368027e-01
9.999999999999999799e-13 9.999999999999999799e-13 8.699999999999999400e-02 8.659938861007133726e-01 -1.646905134325214348e+00 -1.817375476073667395e-01 1.046999999999999931e+00 -5.103477924406751853e-01 9.999999999999999799e-13 9.999999999999999799e-13 8.699999999999999400e-02 -4.727504471962715726e-01 1.199981046732548684e+00 -1.657602444878943648e-01 1.242241346375198979e-01 9.616136187545683001e-01
9.999999999999999799e-13 9.999999999999999799e-13 8.699999999999999400e-02 9.467405237394800332e-01 -1.637347120378741749e+00 -2.168913211853889245e-01 1.046999999999999931e+00 -8.422106154542055023e-01 9.999999999999999799e-13 9.999999999999999799e-13 8.699999999999999400e-02 -4.157064848336992080e-01 1.205197752847924519e+00 -1.519254047844653954e-01 -1.991202968097144713e-02 1.129447945662074737e+00
9.999999999999999799e-13 9.999999999999999799e-13 8.699999999999999400e-02 1.016915301764840240e+00 -1.609783913721609672e+00 -2.294252686648995121e-01 1.046999999999999931e+00 -1.156739250228634219e+00 9.999999999999999799e-13 -9.999999999999999799e-13 8.699999999999999400e-02 -3.485156437743630597e-01 1.191413975024421035e+00 -1.383142988288119934e-01 -1.553711363979159155e-01 1.260092094540027574e+00
9.999999999999999799e-13 9.999999999999999799e-13 8.699999999999999400e-02 1.046999999999999931e+00 -1.563555971144105605e+00 -2.355822384193672903e-01 1.046999999999999931e+00 -1.450262639714648749e+00 9.999999999999999799e-13 -9.999999999999999799e-13 8.699999999999999400e-02 -2.766500567417601864e-01 1.154600008862789018e+00 -1.367680907760331632e-01 -2.731786829547949158e-01 1.334929300022847265e+00
9.999999999999999799e-13 9.999999999999999799e-13 8.699999999999999400e-02 1.046999999999999931e+00 -1.506312256341496791e+00 -2.217318075593461280e-01 1.046999999999999931e+00 -1.697649160530120938e+00 9.999999999999999799e-13 -9.999999999999999799e-13 8.699999999999999400e-02 -2.002578013188499595e-01 1.109450441979106472e+00 -1.348197263966570691e-01 -3.994573965351755906e-01 1.387903745080937057e+00
9.999999999999999799e-13 9.999999999999999799e-13 8.699999999999999400e-02 1.046999999999999931e+00 -1.438579173945782941e+00 -2.008113640229967078e-01 1.046999999999999931e+00 -1.894140694102812716e+00 9.999999999999999799e-13 -9.999999999999999799e-13 8.699999999999999400e-02 -1.224793411676396993e-01 1.050281723418533986e+00 -1.318722687993381104e-01 -5.142036370855576077e-01 1.410483019715355724e+00
9.999999999999999799e-13 9.999999999999999799e-13 8.699999999999999400e-02 1.046999999999999931e+00 -1.340254286767285308e+00 -1.811662262407851831e-01 1.041502589832698389e+00 -2.000456289002118915e+00 9.999999999999999799e-13 -9.999999999999999799e-13 8.699999999999999400e-02 -4.071052602458177100e-02 9.760423865875811344e-01 -1.344754770574458358e-01 -6.066623091341117879e-01 1.395588991210850338e+00
9.999999999999999799e-13 9.999999999999999799e-13 8.699999999999999400e-02 1.046999999999999931e+00 -1.247197352868136377e+00 -1.704248170907482762e-01 8.403983681062038302e-01 -2.027192210640276215e+00 9.999999999999999799e-13 -9.999999999999999799e-13 8.699999999999999400e-02 4.020246606038568871e-02 8.951895015266790878e-01 -1.402866559488486764e-01 -6.692789658674423992e-01 1.349602514432699962e+00
9.999999999999999799e-13 -9.999999999999999799e-13 8.699999999999999400e-02 1.046999999999999931e+00 -1.137019661102273815e+00 -1.534711992540056524e-01 6.849532484978324565e-01 -1.983066031666274931e+00 9.999999999999999799e-13 -9.999999999999999799e-13 8.699999999999999400e-02 1.243913140952433161e-01 8.020998133180841094e-01 -1.508110945671641556e-01 -6.987920081157568131e-01 1.273266868621060866e+00
9.999999999999999799e-13 -9.999999999999999799e-13 8.699999999999999400e-02 1.046999999999999931e+00 -1.013510207046754985e+00 -1.365989339832663352e-01 5.665004764041721153e-01 -1.907255674545813129e+00 9.999999999999999799e-13 -9.999999999999999799e-13 8.699999999999999400e-02 2.045408189935364884e-01 7.058859547733433715e-01 -1.586010753299550158e-01 -6.983069704057031091e-01 1.183764420344470381e+00
-9.999999999999999799e-13 -9.999999999999999799e-13 8.699999999999999400e-02 1.038504778846889076e+00 -6.524404781930952524e-01 -1.538089195684916310e-01 4.460405894658075465e-01 -1.768468595817063616e+00 9.999999999999999799e-13 -9.999999999999999799e-13 8.699999999999999400e-02 4.322033263176131013e-01 3.874377549760232853e-01 -2.005003779280462584e-01 -6.305598710765412118e-01 9.643795812477629070e-01
