9.999999999999999799e-13 -9.999999999999999799e-13 8.699999999999999400e-02 9.511652434615284202e-01 0.000000000000000000e+00 -1.224422342232482641e-01 8.983241771459015146e-01 -1.146323940689290666e+00 -9.999999999999999799e-13 9.999999999999999799e-13 -1.738842910779705986e-02 1.029839203306920081e-01 1.570757571143864162e+00 -8.853507300348527342e-02 -2.131479619313451923e-01 1.750482562558701716e+00
9.999999999999999799e-13 -9.999999999999999799e-13 5.326797347552479633e-02 1.030331859443084142e+00 0.000000000000000000e+00 -1.444125780590323760e-01 9.360758558895182491e-01 -7.539901781305067274e-01 -9.999999999999999799e-13 9.999999999999999799e-13 -1.648557559455506027e-02 -6.364230300280555863e-02 1.727701529768425281e+00 -8.334479426323927742e-02 -4.091130672370972832e-01 1.806660856294334927e+00
9.999999999999999799e-13 -9.999999999999999799e-13 8.699999999999999400e-02 1.046999999999999931e+00 0.000000000000000000e+00 -1.398918364987609964e-01 7.556403928681013626e-01 0.000000000000000000e+00 -9.999999999999999799e-13 9.999999999999999799e-13 3.287674141072860490e-02 -2.365625404130942966e-01 1.836334966616915310e+00 -7.664815649705489231e-02 -6.084221850736812875e-01 1.814328604240035503e+00
9.999999999999999799e-13 9.999999999999999799e-13 8.699999999999999400e-02 1.046999999999999931e+00 0.000000000000000000e+00 -1.135245682587031624e-01 8.927108804438071976e-01 0.000000000000000000e+00 -9.999999999999999799e-13 9.999999999999999799e-13 3.212381897678186909e-02 -4.152619576131154622e-01 1.926241511555010888e+00 -6.921411032719507195e-02 -7.850000000000000311e-01 1.775848478774873840e+00
9.999999999999999799e-13 9.999999999999999799e-13 8.699999999999999400e-02 1.019597441842504226e+00 0.000000000000000000e+00 -8.944549057968437245e-02 9.947429641645610943e-01 0.000000000000000000e+00 -9.999999999999999799e-13 9.999999999999999799e-13 3.315935519387654129e-02 -5.969019723988450155e-01 1.977509345130703977e+00 -6.125965129211086851e-02 -7.850000000000000311e-01 1.689701511586651606e+00
9.999999999999999799e-13 9.999999999999999799e-13 8.699999999999999400e-02 1.046999999999999931e+00 -9.402569030104714898e-01 -7.888712632594337137e-02 1.046999999999999931e+00 0.000000000000000000e+00 9.999999999999999799e-13 9.999999999999999799e-13 3.726738957031983795e-02 -7.759296976906184806e-01 1.982158153313619664e+00 -6.560496364384761636e-02 -7.850000000000000311e-01 1.561640177729564094e+00
9.999999999999999799e-13 9.999999999999999799e-13 8.699999999999999400e-02 1.046999999999999931e+00 -1.573995031472558814e+00 -1.190504201776462212e-01 1.046999999999999931e+00 0.000000000000000000e+00 9.999999999999999799e-13 9.999999999999999799e-13 4.547513625045624536e-02 -7.850000000000000311e-01 1.944957756979994734e+00 -7.380166178298892821e-02 -7.850000000000000311e-01 1.425151935726750807e+00
-9.999999999999999799e-13 9.999999999999999799e-13 8.699999999999999400e-02 1.046999999999999931e+00 -2.051168382334647156e+00 -1.897867921026626659e-01 1.046999999999999931e+00 0.000000000000000000e+00 9.999999999999999799e-13 9.999999999999999799e-13 6.701051537259303248e-02 -7.850000000000000311e-01 1.858698444784012693e+00 -9.047014955741558562e-02 -7.850000000000000311e-01 1.280771935247718929e+00
-9.999999999999999799e-13 9.999999999999999799e-13 8.699999999999999400e-02 1.046999999999999931e+00 -2.355999999999999872e+00 -2.895050219620128318e-01 1.046999999999999931e+00 0.000000000000000000e+00 9.999999999999999799e-13 9.999999999999999799e-13 8.699999999999999400e-02 -7.850000000000000311e-01 1.726432093446832461e+00 -1.129415033257476081e-01 -7.850000000000000311e-01 1.147897690378931301e+00
-9.999999999999999799e-13 9.999999999999999799e-13 8.699999999999999400e-02 1.046999999999999931e+00 -2.355999999999999872e+00 -5.967778994962229522e-01 1.046999999999999931e+00 -5.346948475790602728e-01 9.999999999999999799e-13 9.999999999999999799e-13 8.699999999999999400e-02 -7.850000000000000311e-01 1.548906559300178287e+00 -1.468816941172727542e-01 -5.918678325932984485e-01 9.281356995508680541e-01
-9.999999999999999799e-13 9.999999999999999799e-13 8.699999999999999400e-02 3.119520615880930214e-01 -2.355999999999999872e+00 -7.850000000000000311e-01 1.046999999999999931e+00 -1.234195221464963410e+00 9.999999999999999799e-13 9.999999999999999799e-13 8.699999999999999400e-02 -7.850000000000000311e-01 1.353791972772707020e+00 -1.818029240329585572e-01 -4.425054936633595060e-01 9.250156825624475943e-01
-9.999999999999999799e-13 9.999999999999999799e-13 8.699999999999999400e-02 -2.270704134344252723e-01 -2.355999999999999872e+00 -7.850000000000000311e-01 1.046999999999999931e+00 -1.716814705922759643e+00 9.999999999999999799e-13 9.999999999999999799e-13 8.699999999999999400e-02 -7.850000000000000311e-01 1.173697812173079669e+00 -2.085008744381751933e-01 -2.520349569654810606e-01 9.188785566830617313e-01
-9.999999999999999799e-13 -9.999999999999999799e-13 8.699999999999999400e-02 -4.292407218608318975e-01 -2.355999999999999872e+00 -7.850000000000000311e-01 1.046999999999999931e+00 -2.093004927725437447e+00 9.999999999999999799e-13 9.999999999999999799e-13 8.699999999999999400e-02 -7.850000000000000311e-01 1.022667308741732839e+00 -2.208385683558199974e-01 -3.461448612765246485e-02 7.875007517708567661e-01
-9.999999999999999799e-13 -9.999999999999999799e-13 8.699999999999999400e-02 -5.233672413473439144e-01 -2.131223682409784104e+00 -7.850000000000000311e-01 1.046999999999999931e+00 -2.327629109855345213e+00 9.999999999999999799e-13 9.999999999999999799e-13 8.699999999999999400e-02 -7.850000000000000311e-01 9.970991906294024432e-01 -2.257929979337007509e-01 2.343544495191860477e-01 5.588786401663234926e-01
-9.999999999999999799e-13 9.999999999999999799e-13 8.699999999999999400e-02 -5.541708348343952206e-01 -1.908439485722926321e+00 -6.273393084979798084e-01 3.345794506157077214e-02 -2.355999999999999872e+00 9.999999999999999799e-13 9.999999999999999799e-13 8.699999999999999400e-02 -6.889126071069872070e-01 1.130112629055659568e+00 -2.132351773307194220e-01 6.577733295372614197e-01 0.000000000000000000e+00
-9.999999999999999799e-13 9.999999999999999799e-13 8.699999999999999400e-02 -5.171540662710111258e-01 -1.751183057120850428e+00 -2.898318493214347980e-01 -4.046844770543067682e-01 -2.355999999999999872e+00 9.999999999999999799e-13 9.999999999999999799e-13 8.699999999999999400e-02 -4.965035643048308911e-01 1.113471375681106323e+00 -1.760939654245446684e-01 7.804962061946754126e-01 0.000000000000000000e+00
-9.999999999999999799e-13 9.999999999999999799e-13 8.699999999999999400e-02 -3.972868029861845174e-01 -1.634965503248968055e+00 -1.800386064461296232e-01 -5.281942670043429100e-01 -2.243752298587335936e+00 9.999999999999999799e-13 9.999999999999999799e-13 8.699999999999999400e-02 -2.195478211560654980e-01 9.491109603470926359e-01 -1.499405309789849094e-01 7.850000000000000311e-01 0.000000000000000000e+00
-9.999999999999999799e-13 9.999999999999999799e-13 8.699999999999999400e-02 -2.041966341599739665e-01 -1.539441171186058277e+00 -1.262410032354582823e-01 -5.602231795534013958e-01 -2.080385343315253266e+00 9.999999999999999799e-13 9.999999999999999799e-13 8.699999999999999400e-02 1.319785390100482458e-01 6.191619343679395371e-01 -1.470372555609948673e-01 7.850000000000000311e-01 0.000000000000000000e+00
9.999999999999999799e-13 9.999999999999999799e-13 8.699999999999999400e-02 2.268827620271595194e-02 -1.404546817534580327e+00 -9.033106828762518803e-02 -4.833123494778941431e-01 -1.978703237403930615e+00 9.999999999999999799e-13 9.999999999999999799e-13 8.699999999999999400e-02 5.966589647914786187e-01 0.000000000000000000e+00 -1.812979982398142675e-01 7.850000000000000311e-01 0.000000000000000000e+00
9.999999999999999799e-13 -9.999999999999999799e-13 8.699999999999999400e-02 2.621590490281681674e-01 -1.273193562536290457e+00 -4.054302279861925484e-01 -5.430989041435825282e-01 -1.818549916319684989e+00 9.999999999999999799e-13 9.999999999999999799e-13 8.699999999999999400e-02 7.145461769620290449e-01 0.000000000000000000e+00 -2.053082454442262395e-01 7.850000000000000311e-01 0.000000000000000000e+00
9.999999999999999799e-13 -9.999999999999999799e-13 8.699999999999999400e-02 5.480413328374332815e-01 -1.354185987600668994e+00 8.699999999999999400e-02 -3.078371125784860052e-01 -1.866441677913807773e+00 -9.999999999999999799e-13 9.999999999999999799e-13 8.699999999999999400e-02 7.850000000000000311e-01 0.000000000000000000e+00 -2.327913901270832198e-01 7.850000000000000311e-01 0.000000000000000000e+00
9.999999999999999799e-13 -9.999999999999999799e-13 8.699999999999999400e-02 8.247236656422420875e-01 -1.319477968583911753e+00 -1.451798675016458852e-02 -1.053632000381497374e-01 -1.764690232694129612e+00 -9.999999999999999799e-13 9.999999999999999799e-13 8.699999999999999400e-02 7.850000000000000311e-01 0.000000000000000000e+00 -1.513163433999619445e-01 7.850000000000000311e-01 4.609819180707033226e-01
9.999999999999999799e-13 -9.999999999999999799e-13 8.699999999999999400e-02 9.518245095885216056e-01 -1.070044914106744294e+00 -2.308544257833904795e-02 6.851222669171853907e-02 -1.580224553637581408e+00 -9.999999999999999799e-13 9.999999999999999799e-13 8.699999999999999400e-02 7.850000000000000311e-01 0.000000000000000000e+00 8.699999999999999400e-02 6.746509845111615666e-01 9.623744253127011206e-01
9.999999999999999799e-13 -9.999999999999999799e-13 8.699999999999999400e-02 8.886224883936919561e-01 -5.199543560764308125e-01 -3.697198623601422041e-02 2.809619683576001226e-01 -1.516322682474163130e+00 -9.999999999999999799e-13 9.999999999999999799e-13 4.522564090127583619e-02 7.850000000000000311e-01 4.977186030887654766e-01 8.699999999999999400e-02 5.111488464959259570e-01 1.239279733198548783e+00
9.999999999999999799e-13 -9.999999999999999799e-13 8.699999999999999400e-02 7.952426618458368068e-01 0.000000000000000000e+00 -8.438488199137481049e-02 5.094355857305766788e-01 -1.449626607922779087e+00 -9.999999999999999799e-13 9.999999999999999799e-13 -4.731335358851035400e-02 6.257999346443149369e-01 9.303298207841130818e-01 8.699999999999999400e-02 3.335598827689120194e-01 1.465046246209062986e+00
9.999999999999999799e-13 -9.999999999999999799e-13 7.294499311897838234e-02 9.175520328213767618e-01 0.000000000000000000e+00 -1.342064733217084860e-01 7.330770802940479447e-01 -1.336094502091134117e+00 -9.999999999999999799e-13 9.999999999999999799e-13 -8.380584549566663655e-02 4.689711590524570650e-01 1.219247846004091862e+00 -9.508415163335337539e-02 1.439073787643636859e-01 1.549891412135924185e+00
9.999999999999999799e-13 -9.999999999999999799e-13 3.732660022599425254e-02 1.009901959683837891e+00 0.000000000000000000e+00 -1.785363640920440975e-01 8.989306069626818996e-01 -1.134459950965686303e+00 -9.999999999999999799e-13 9.999999999999999799e-13 -1.098913090867772169e-01 3.077253798347980296e-01 1.457960818228039912e+00 -9.595305852642971312e-02 -6.707391762021827630e-02 1.659166522673650057e+00
9.999999999999999799e-13 -9.999999999999999799e-13 4.128227332620767326e-02 1.044968419960340178e+00 0.000000000000000000e+00 -1.833332475273281581e-01 9.347585864241040321e-01 -7.314202221133445647e-01 -9.999999999999999799e-13 9.999999999999999799e-13 -1.165550225416471519e-01 1.102122810694143029e-01 1.662855056608270488e+00 -9.536061276026150391e-02 -2.989665827190462477e-01 1.717404450304335306e+00
9.999999999999999799e-13 -9.999999999999999799e-13 8.699999999999999400e-02 1.027922713967961643e+00 0.000000000000000000e+00 -1.725161115864777273e-01 7.633782288914775505e-01 0.000000000000000000e+00 -9.999999999999999799e-13 9.999999999999999799e-13 -1.269008807586771148e-01 -9.324891254578265842e-02 1.819594670969003403e+00 -9.336363516969066467e-02 -5.279734896439329805e-01 1.714439686514111827e+00
9.999999999999999799e-13 -9.999999999999999799e-13 8.699999999999999400e-02 9.694620001614490112e-01 0.000000000000000000e+00 -1.374689080885367620e-01 8.955255860519860667e-01 0.000000000000000000e+00 -9.999999999999999799e-13 9.999999999999999799e-13 -1.243790575706872348e-01 -3.038930475098069461e-01 1.917904402365359751e+00 -8.848053292425037131e-02 -7.208974819982562066e-01 1.649198778080102734e+00
9.999999999999999799e-13 -9.999999999999999799e-13 8.699999999999999400e-02 1.046999999999999931e+00 -8.297224193306780293e-01 -1.067348858109215537e-01 9.943954738168462315e-01 0.000000000000000000e+00 9.999999999999999799e-13 9.999999999999999799e-13 -2.350831836128696589e-02 -5.245009797986833755e-01 1.927527005876422450e+00 -8.516786151223519619e-02 -7.850000000000000311e-01 1.532924856199625374e+00
-9.999999999999999799e-13 9.999999999999999799e-13 8.699999999999999400e-02 1.046999999999999931e+00 -1.455520629833435109e+00 -1.228691540581562658e-01 1.046999999999999931e+00 0.000000000000000000e+00 9.999999999999999799e-13 9.999999999999999799e-13 -1.695732530574856067e-02 -7.192186574054760806e-01 1.922079055481351162e+00 -8.972561388944255700e-02 -7.850000000000000311e-01 1.396924446643100559e+00
-9.999999999999999799e-13 9.999999999999999799e-13 8.699999999999999400e-02 1.046999999999999931e+00 -1.895042696548500771e+00 -1.707209221892610762e-01 1.046999999999999931e+00 0.000000000000000000e+00 9.999999999999999799e-13 9.999999999999999799e-13 -2.953865313393564535e-03 -7.850000000000000311e-01 1.863536756673291883e+00 -1.028565510330841093e-01 -7.850000000000000311e-01 1.267106237726388862e+00
-9.999999999999999799e-13 9.999999999999999799e-13 8.699999999999999400e-02 1.046999999999999931e+00 -2.252897879204793341e+00 -2.516521209846104834e-01 1.046999999999999931e+00 0.000000000000000000e+00 9.999999999999999799e-13 9.999999999999999799e-13 2.209022604868630252e-02 -7.850000000000000311e-01 1.752553018529830808e+00 -1.254212827814757125e-01 -7.850000000000000311e-01 1.141047714086848686e+00
-9.999999999999999799e-13 9.999999999999999799e-13 8.699999999999999400e-02 1.046999999999999931e+00 -2.355999999999999872e+00 -4.123894405671960084e-01 1.046999999999999931e+00 0.000000000000000000e+00 9.999999999999999799e-13 9.999999999999999799e-13 6.698071338477136483e-02 -7.850000000000000311e-01 1.577720554853314638e+00 -1.532309732711331363e-01 -7.519059129907925687e-01 9.827029011187882190e-01
-9.999999999999999799e-13 9.999999999999999799e-13 8.699999999999999400e-02 5.630185383317058978e-01 -2.355999999999999872e+00 -7.850000000000000311e-01 1.046999999999999931e+00 -8.786457641918019590e-01 9.999999999999999799e-13 9.999999999999999799e-13 8.699999999999999400e-02 -7.850000000000000311e-01 1.377803084539043432e+00 -1.873514684553833354e-01 -5.057721389307258120e-01 7.139303565611871960e-01
-9.999999999999999799e-13 9.999999999999999799e-13 8.699999999999999400e-02 -4.653977752872133500e-02 -2.355999999999999872e+00 -7.850000000000000311e-01 1.046999999999999931e+00 -1.448784390162404456e+00 9.999999999999999799e-13 9.999999999999999799e-13 8.699999999999999400e-02 -7.850000000000000311e-01 1.183742724127931467e+00 -2.320863789013120071e-01 -3.424416565390771550e-01 6.326161259547120608e-01
-9.999999999999999799e-13 9.999999999999999799e-13 8.699999999999999400e-02 -4.063807807842158559e-01 -2.355999999999999872e+00 -7.850000000000000311e-01 1.046999999999999931e+00 -1.851514013173754414e+00 9.999999999999999799e-13 9.999999999999999799e-13 8.699999999999999400e-02 -7.850000000000000311e-01 1.044305687825229256e+00 -2.542188398760988899e-01 -1.788156216250543218e-01 6.909052761403451370e-01
-9.999999999999999799e-13 9.999999999999999799e-13 8.699999999999999400e-02 -5.813061431730182083e-01 -2.264895963906203846e+00 -7.850000000000000311e-01 1.046999999999999931e+00 -2.179761376583340571e+00 9.999999999999999799e-13 9.999999999999999799e-13 8.699999999999999400e-02 -7.850000000000000311e-01 9.172429122411998037e-01 -2.612633157359869895e-01 3.503157630446816773e-02 5.736265137634246614e-01
-9.999999999999999799e-13 9.999999999999999799e-13 8.699999999999999400e-02 -6.760616850225636965e-01 -2.039557490658901351e+00 -7.850000000000000311e-01 1.046999999999999931e+00 -2.350244403292883977e+00 9.999999999999999799e-13 9.999999999999999799e-13 8.699999999999999400e-02 -7.845042466948624060e-01 7.679826765285682200e-01 -2.540610925533482445e-01 3.309459284101554100e-01 2.960209067371657454e-01
-9.999999999999999799e-13 9.999999999999999799e-13 8.699999999999999400e-02 -7.104608322858425584e-01 -1.862559531871095686e+00 -5.793589009410602397e-01 -2.218801363803444560e-01 -2.355999999999999872e+00 9.999999999999999799e-13 9.999999999999999799e-13 8.699999999999999400e-02 -7.058498419259160439e-01 8.891985931558128442e-01 -2.263220362550568132e-01 6.272759401601722962e-01 0.000000000000000000e+00
-9.999999999999999799e-13 9.999999999999999799e-13 8.699999999999999400e-02 -6.700351378106850220e-01 -1.739267828310500086e+00 -2.762490621589135387e-01 -5.346535225286876969e-01 -2.355999999999999872e+00 9.999999999999999799e-13 9.999999999999999799e-13 8.699999999999999400e-02 -5.646893629447540253e-01 1.004759168136572178e+00 -1.819288082126379880e-01 7.463038313054405348e-01 0.000000000000000000e+00
-9.999999999999999799e-13 9.999999999999999799e-13 8.699999999999999400e-02 -5.403140650581494953e-01 -1.662660529596744041e+00 -2.136916381759863259e-01 -6.429656622937560684e-01 -2.168125254123575374e+00 9.999999999999999799e-13 9.999999999999999799e-13 8.699999999999999400e-02 -3.290933267855826738e-01 9.037556865092204461e-01 -1.479602251094825627e-01 7.850000000000000311e-01 0.000000000000000000e+00
-9.999999999999999799e-13 9.999999999999999799e-13 8.699999999999999400e-02 -3.445874232583311381e-01 -1.611211277256650476e+00 -1.728239243242815637e-01 -6.643570495983958102e-01 -2.006117409366094506e+00 9.999999999999999799e-13 9.999999999999999799e-13 8.699999999999999400e-02 -1.649912913802358341e-02 6.701480319164385691e-01 -1.440443124862772206e-01 7.850000000000000311e-01 0.000000000000000000e+00
-9.999999999999999799e-13 9.999999999999999799e-13 8.699999999999999400e-02 -1.204511585163958731e-01 -1.521955777749406380e+00 -1.406905327848429754e-01 -6.059989165534946931e-01 -1.905771905540136757e+00 9.999999999999999799e-13 9.999999999999999799e-13 8.699999999999999400e-02 4.357498496571141078e-01 1.070423489936729311e-01 -1.782391726000242260e-01 7.850000000000000311e-01 0.000000000000000000e+00
9.999999999999999799e-13 -9.999999999999999799e-13 8.699999999999999400e-02 1.009994210023653777e-01 -1.366149673556090072e+00 -3.434758590845019000e-01 -6.122123083305324176e-01 -1.771755427671307004e+00 9.999999999999999799e-13 9.999999999999999799e-13 8.699999999999999400e-02 6.225532593897110667e-01 0.000000000000000000e+00 -2.166844095995486552e-01 7.850000000000000311e-01 0.000000000000000000e+00
9.999999999999999799e-13 -9.999999999999999799e-13 8.699999999999999400e-02 2.831620138016314181e-01 -1.163371471343174868e+00 -3.786720276092955251e-01 -5.062875068212334684e-01 -1.714510286501470304e+00 -9.999999999999999799e-13 9.999999999999999799e-13 8.267650241212158579e-02 7.409505513428878976e-01 0.000000000000000000e+00 -2.570451448324173604e-01 7.850000000000000311e-01 0.000000000000000000e+00
9.999999999999999799e-13 -9.999999999999999799e-13 8.699999999999999400e-02 5.414723101257000737e-01 -1.253157139380510543e+00 8.699999999999999400e-02 -2.401288792556978413e-01 -1.767437571039383926e+00 -9.999999999999999799e-13 9.999999999999999799e-13 7.577931773885061839e-02 7.850000000000000311e-01 0.000000000000000000e+00 -1.902750059118115955e-01 7.850000000000000311e-01 4.763514826228369969e-01
9.999999999999999799e-13 -9.999999999999999799e-13 8.699999999999999400e-02 7.932693550731331200e-01 -1.208791384030032390e+00 -6.054395637971239641e-02 -4.612013100902917495e-02 -1.582277440048743600e+00 -9.999999999999999799e-13 9.999999999999999799e-13 8.061161571235887779e-02 7.850000000000000311e-01 0.000000000000000000e+00 -1.643763559068694702e-01 6.686718015583327235e-01 8.504184348971550733e-01
9.999999999999999799e-13 -9.999999999999999799e-13 8.699999999999999400e-02 9.036375614005559553e-01 -9.440599152448223563e-01 -8.365205891660194848e-02 1.007034907754432995e-01 -1.400246842499178079e+00 -9.999999999999999799e-13 9.999999999999999799e-13 4.252431111269955322e-02 7.850000000000000311e-01 3.365367512158137231e-01 -1.663405042391251365e-01 5.436104700322715866e-01 1.109328343820564555e+00
9.999999999999999799e-13 -9.999999999999999799e-13 8.699999999999999400e-02 7.764231258874025876e-01 -2.615021715097469723e-01 -1.014326062111629151e-01 2.571753117131743149e-01 -1.319220729426151095e+00 -9.999999999999999799e-13 9.999999999999999799e-13 -1.216827656140293534e-01 7.771249727793079209e-01 7.653821296771985416e-01 -1.693545005229891431e-01 4.106701132487560191e-01 1.322073896186666708e+00
9.999999999999999799e-13 -9.999999999999999799e-13 8.448328643332719823e-02 7.999189402176973829e-01 0.000000000000000000e+00 -1.634961654961513411e-01 4.560725209977565253e-01 -1.256421630342530626e+00 -9.999999999999999799e-13 9.999999999999999799e-13 -1.746415413166050590e-01 6.773774928518999650e-01 1.055812137132155826e+00 -1.674860458838661192e-01 2.592832453609647536e-01 1.501509873421937868e+00
9.999999999999999799e-13 -9.999999999999999799e-13 4.187899615653228880e-02 9.169167467770499291e-01 0.000000000000000000e+00 -2.099696820223327653e-01 6.766653933661513909e-01 -1.174470383435288312e+00 -9.999999999999999799e-13 9.999999999999999799e-13 -2.403655208698238510e-01 5.949355575045921496e-01 1.300336276439176153e+00 -1.683771475783627514e-01 1.022707584508273232e-01 1.621376968859178369e+00
9.999999999999999799e-13 -9.999999999999999799e-13 1.279323533327978400e-02 1.006838871859851769e+00 0.000000000000000000e+00 -2.313282868888700827e-01 8.279539235708499589e-01 -9.760626502922145065e-01 -9.999999999999999799e-13 9.999999999999999799e-13 -2.941978802443859786e-01 4.940520986993794939e-01 1.535494208467668820e+00 -1.676317943511594355e-01 -9.284063264382527714e-02 1.714046081445082415e+00
9.999999999999999799e-13 -9.999999999999999799e-13 1.931690667679614518e-02 1.046999999999999931e+00 0.000000000000000000e+00 -2.389577030876380292e-01 8.296365895022458359e-01 -5.413089487432349856e-01 -9.999999999999999799e-13 9.999999999999999799e-13 -3.384751376644201670e-01 3.696370233122188709e-01 1.747461327851321577e+00 -1.671975078506058032e-01 -3.137128286135784649e-01 1.757535801971205736e+00
9.999999999999999799e-13 -9.999999999999999799e-13 8.699999999999999400e-02 1.040514754653804719e+00 0.000000000000000000e+00 -2.037282069101118143e-01 7.363499385314261625e-01 0.000000000000000000e+00 -9.999999999999999799e-13 9.999999999999999799e-13 8.699999999999999400e-02 3.795892828911334727e-02 1.843981435408207581e+00 -1.621805463279190618e-01 -5.247744020976328194e-01 1.742304256244350924e+00
9.999999999999999799e-13 -9.999999999999999799e-13 8.699999999999999400e-02 9.798823405922563179e-01 0.000000000000000000e+00 -1.611298376863282422e-01 8.625866162728504927e-01 0.000000000000000000e+00 -9.999999999999999799e-13 9.999999999999999799e-13 8.699999999999999400e-02 -1.624842634690428500e-01 1.954477032393408642e+00 -1.496165886303881254e-01 -7.018916550409548538e-01 1.676058555089058544e+00
9.999999999999999799e-13 -9.999999999999999799e-13 8.699999999999999400e-02 1.046999999999999931e+00 -8.353785320017896865e-01 -1.299556557650788646e-01 9.560944544657052901e-01 0.000000000000000000e+00 -9.999999999999999799e-13 9.999999999999999799e-13 8.699999999999999400e-02 -3.699227845083843391e-01 2.012589530627195700e+00 -1.348664095748094427e-01 -7.850000000000000311e-01 1.562044860130524349e+00
9.999999999999999799e-13 -9.999999999999999799e-13 8.699999999999999400e-02 1.046999999999999931e+00 -1.465110777668209963e+00 -1.294152408334487137e-01 1.028819447808181575e+00 0.000000000000000000e+00 9.999999999999999799e-13 9.999999999999999799e-13 8.699999999999999400e-02 -5.851256816349774681e-01 2.025789982703004810e+00 -1.241171195664103055e-01 -7.850000000000000311e-01 1.418863096938425272e+00
-9.999999999999999799e-13 9.999999999999999799e-13 8.699999999999999400e-02 1.046999999999999931e+00 -1.917649275884169668e+00 -2.005852535443578277e-01 1.046999999999999931e+00 0.000000000000000000e+00 9.999999999999999799e-13 9.999999999999999799e-13 -8.611591099982709996e-02 -7.756323286242757797e-01 2.008486198024256986e+00 -1.208344509049677912e-01 -7.850000000000000311e-01 1.276394365184224000e+00
-9.999999999999999799e-13 9.999999999999999799e-13 8.699999999999999400e-02 1.046999999999999931e+00 -2.280074814931497329e+00 -2.741902165457443807e-01 1.046999999999999931e+00 0.000000000000000000e+00 9.999999999999999799e-13 9.999999999999999799e-13 -5.851896099836011167e-02 -7.850000000000000311e-01 1.921464114223300435e+00 -1.386623365738023916e-01 -7.850000000000000311e-01 1.148691436103590036e+00
-9.999999999999999799e-13 9.999999999999999799e-13 8.699999999999999400e-02 1.022083851360206630e+00 -2.355999999999999872e+00 -5.172767164576284049e-01 1.046999999999999931e+00 -3.274104734476441791e-01 9.999999999999999799e-13 9.999999999999999799e-13 -1.598793274068017328e-02 -7.850000000000000311e-01 1.779486583627214458e+00 -1.610332350362733422e-01 -7.505132888496487409e-01 1.009357253876852489e+00
-9.999999999999999799e-13 9.999999999999999799e-13 8.699999999999999400e-02 4.617722769901760338e-01 -2.355999999999999872e+00 -7.850000000000000311e-01 1.046999999999999931e+00 -1.006790441475167164e+00 9.999999999999999799e-13 9.999999999999999799e-13 3.397453090594622360e-02 -7.850000000000000311e-01 1.591285624264817677e+00 -1.951426812503845309e-01 -5.500564036247329591e-01 7.848094972649981571e-01
-9.999999999999999799e-13 9.999999999999999799e-13 8.699999999999999400e-02 -3.783774157605154093e-02 -2.355999999999999872e+00 -7.850000000000000311e-01 1.046999999999999931e+00 -1.504671301981410636e+00 9.999999999999999799e-13 9.999999999999999799e-13 8.699999999999999400e-02 -7.850000000000000311e-01 1.382267916967776955e+00 -2.425213244758872011e-01 -3.471789624400244412e-01 6.004792896023705140e-01
-9.999999999999999799e-13 9.999999999999999799e-13 8.699999999999999400e-02 -3.167922123857004335e-01 -2.355999999999999872e+00 -7.850000000000000311e-01 1.046999999999999931e+00 -1.872095451079609063e+00 9.999999999999999799e-13 9.999999999999999799e-13 8.699999999999999400e-02 -7.850000000000000311e-01 1.210566581979978018e+00 -2.738144748273541595e-01 -1.912420747317318537e-01 6.511135849300533351e-01
-9.999999999999999799e-13 9.999999999999999799e-13 8.699999999999999400e-02 -4.312544536869512557e-01 -2.280571882785642046e+00 -7.850000000000000311e-01 1.046999999999999931e+00 -2.148479740395890403e+00 9.999999999999999799e-13 9.999999999999999799e-13 8.699999999999999400e-02 -7.850000000000000311e-01 1.080694400443601211e+00 -2.786412283986951510e-01 9.812851471024347169e-03 5.853861513565750130e-01
-9.999999999999999799e-13 9.999999999999999799e-13 8.699999999999999400e-02 -4.607931055075808469e-01 -2.097210873971167899e+00 -7.850000000000000311e-01 7.194901549454886247e-01 -2.279799549086667376e+00 9.999999999999999799e-13 9.999999999999999799e-13 8.699999999999999400e-02 -7.850000000000000311e-01 9.316634252226823065e-01 -2.809346115922121689e-01 2.977801350660391200e-01 3.368068309524314685e-01
-9.999999999999999799e-13 9.999999999999999799e-13 8.699999999999999400e-02 -4.429826907554863524e-01 -1.921436140036877127e+00 -5.155376580859666324e-01 -2.936673602278969120e-01 -2.355999999999999872e+00 9.999999999999999799e-13 9.999999999999999799e-13 8.699999999999999400e-02 -7.448349195982387760e-01 9.364798655544124273e-01 -2.543338679539934311e-01 6.152621870698737894e-01 0.000000000000000000e+00
-9.999999999999999799e-13 9.999999999999999799e-13 8.699999999999999400e-02 -3.743938678564138200e-01 -1.791537135358197474e+00 -2.726578286972974330e-01 -4.786043946794341641e-01 -2.335722914208320233e+00 9.999999999999999799e-13 9.999999999999999799e-13 8.699999999999999400e-02 -6.250675953551495523e-01 1.076594666309357962e+00 -2.085077939033092020e-01 7.426051138934544049e-01 0.000000000000000000e+00
-9.999999999999999799e-13 9.999999999999999799e-13 8.699999999999999400e-02 -2.294624612833163491e-01 -1.680449127912011953e+00 -1.982041924465688110e-01 -5.468818441337209846e-01 -2.121571185892863198e+00 9.999999999999999799e-13 9.999999999999999799e-13 8.699999999999999400e-02 -4.199687401997302949e-01 1.044931523400099316e+00 -1.752979922523186240e-01 7.850000000000000311e-01 0.000000000000000000e+00
-9.999999999999999799e-13 9.999999999999999799e-13 8.699999999999999400e-02 -3.302286738331691729e-02 -1.562399659935122642e+00 -1.442624051209804859e-01 -5.046786896990111959e-01 -1.984323023958880938e+00 9.999999999999999799e-13 9.999999999999999799e-13 8.699999999999999400e-02 -1.556759878346372361e-01 9.030678632109934156e-01 -1.590748963260074089e-01 7.850000000000000311e-01 0.000000000000000000e+00
9.999999999999999799e-13 9.999999999999999799e-13 8.699999999999999400e-02 1.732995372495435282e-01 -1.408415343156384836e+00 -4.104184333402446372e-01 -5.563970879242813306e-01 -1.778900448057471273e+00 9.999999999999999799e-13 9.999999999999999799e-13 8.699999999999999400e-02 1.570102711916816218e-01 6.400845810311857065e-01 -1.848763896988089295e-01 7.850000000000000311e-01 0.000000000000000000e+00
9.999999999999999799e-13 9.999999999999999799e-13 8.699999999999999400e-02 4.293878127854195981e-01 -1.446813030519324528e+00 8.699999999999999400e-02 -3.548227610757250794e-01 -1.832726111569378702e+00 9.999999999999999799e-13 9.999999999999999799e-13 8.699999999999999400e-02 6.325296392830133119e-01 0.000000000000000000e+00 -2.162649148505972063e-01 7.850000000000000311e-01 0.000000000000000000e+00
9.999999999999999799e-13 -9.999999999999999799e-13 8.699999999999999400e-02 6.717241134558391558e-01 -1.473421313240693031e+00 -5.547203553457984854e-02 -1.815665339938045686e-01 -1.734038025535169503e+00 -9.999999999999999799e-13 -9.999999999999999799e-13 8.699999999999999400e-02 7.598164763865626892e-01 0.000000000000000000e+00 -2.502549552085299722e-01 7.850000000000000311e-01 0.000000000000000000e+00
9.999999999999999799e-13 -9.999999999999999799e-13 8.699999999999999400e-02 9.127027418432193118e-01 -1.371926538970673626e+00 -3.702030943537395341e-02 -5.468929190725372105e-03 -1.623704841807466437e+00 -9.999999999999999799e-13 -9.999999999999999799e-13 8.197114241336701801e-02 7.850000000000000311e-01 0.000000000000000000e+00 -2.469759170858096264e-01 7.850000000000000311e-01 1.728978418916433668e-01
9.999999999999999799e-13 -9.999999999999999799e-13 8.699999999999999400e-02 1.019795697107211296e+00 -1.100503352459183404e+00 -3.332944502653222701e-02 1.384604809077550069e-01 -1.409831260416627430e+00 -9.999999999999999799e-13 -9.999999999999999799e-13 8.465269347431578217e-02 7.850000000000000311e-01 0.000000000000000000e+00 -1.947641911516576063e-02 7.105566328876471438e-01 8.389653794172087231e-01
9.999999999999999799e-13 -9.999999999999999799e-13 8.699999999999999400e-02 9.706201729646743992e-01 -6.085479878862480874e-01 -6.589096420740672699e-02 3.400771323040334693e-01 -1.418572869751180576e+00 -9.999999999999999799e-13 -9.999999999999999799e-13 5.127097884074088147e-02 7.850000000000000311e-01 3.245976135036947596e-01 8.699999999999999400e-02 5.651934293677061127e-01 1.180387367548223487e+00
9.999999999999999799e-13 -9.999999999999999799e-13 8.699999999999999400e-02 8.234331078961520944e-01 0.000000000000000000e+00 -9.968168871986689272e-02 5.051836323509161231e-01 -1.445237301935615726e+00 -9.999999999999999799e-13 -9.999999999999999799e-13 8.699999999999999400e-02 7.201002270372822700e-01 7.596457704880252848e-01 8.699999999999999400e-02 3.992981845731897184e-01 1.413448771834403317e+00
9.999999999999999799e-13 -9.999999999999999799e-13 6.968269085859890577e-02 9.318046388778055134e-01 0.000000000000000000e+00 -1.078500080760162322e-01 7.272551917726628457e-01 -1.423647529607978690e+00 -9.999999999999999799e-13 -9.999999999999999799e-13 -1.414847526943558143e-01 5.642793180673145725e-01 1.146879104880329514e+00 -1.152428076499814880e-01 2.095722390733361640e-01 1.497778840200892247e+00
9.999999999999999799e-13 -9.999999999999999799e-13 3.686815791973255263e-02 1.012026165425145230e+00 0.000000000000000000e+00 -1.199610821673598032e-01 9.202857802503410234e-01 -1.275689434100318209e+00 -9.999999999999999799e-13 -9.999999999999999799e-13 -1.982773294646821560e-01 4.249992291314813597e-01 1.431865435078540472e+00 -1.148814237797563254e-01 8.828756078249289097e-03 1.607226352228961375e+00
9.999999999999999799e-13 -9.999999999999999799e-13 4.881005719592618197e-02 1.046758831767743647e+00 0.000000000000000000e+00 -1.282173975130619925e-01 1.000248154295125813e+00 -9.789049058852041796e-01 -9.999999999999999799e-13 -9.999999999999999799e-13 -2.424718291887480170e-01 2.692897894011933024e-01 1.679943422379269080e+00 -1.130420668800587031e-01 -2.103170532614554722e-01 1.666590742154870242e+00
9.999999999999999799e-13 9.999999999999999799e-13 8.699999999999999400e-02 1.046999999999999931e+00 0.000000000000000000e+00 -1.235886806262507520e-01 8.955978479955801763e-01 -3.798368189319152322e-01 -9.999999999999999799e-13 -9.999999999999999799e-13 8.699999999999999400e-02 -1.392198346784073726e-02 1.808933429564242523e+00 -1.088183032020152569e-01 -4.288771767992988204e-01 1.670128979727760310e+00
9.999999999999999799e-13 9.999999999999999799e-13 8.699999999999999400e-02 1.000626759580570013e+00 0.000000000000000000e+00 -9.390656177152678641e-02 8.531893733891250386e-01 0.000000000000000000e+00 9.999999999999999799e-13 -9.999999999999999799e-13 8.699999999999999400e-02 -2.394212145645411016e-01 1.940388895421667925e+00 -9.960619966122954971e-02 -6.159652759866144356e-01 1.612089304445517790e+00
9.999999999999999799e-13 9.999999999999999799e-13 8.699999999999999400e-02 1.046999999999999931e+00 -8.834882894250668528e-01 -6.622110990295587696e-02 9.531843815241503037e-01 0.000000000000000000e+00 9.999999999999999799e-13 -9.999999999999999799e-13 8.699999999999999400e-02 -4.672359722285809314e-01 2.001888243477880636e+00 -8.569995032909372146e-02 -7.527192176614934116e-01 1.507103005958443376e+00
-9.999999999999999799e-13 9.999999999999999799e-13 8.699999999999999400e-02 1.046999999999999931e+00 -1.451025141925867956e+00 -6.076422074984348665e-02 1.020332077543177896e+00 0.000000000000000000e+00 9.999999999999999799e-13 9.999999999999999799e-13 -3.174706662223474030e-02 -6.794161738739323830e-01 2.028204150915847492e+00 -7.392294844131805376e-02 -7.850000000000000311e-01 1.380941764890824430e+00
-9.999999999999999799e-13 9.999999999999999799e-13 8.699999999999999400e-02 1.046999999999999931e+00 -1.889876758098809617e+00 -1.676555925149351978e-01 9.987375594991375616e-01 0.000000000000000000e+00 9.999999999999999799e-13 9.999999999999999799e-13 -1.308914849454998960e-02 -7.850000000000000311e-01 1.967267976917052685e+00 -5.207655574706947232e-02 -7.850000000000000311e-01 1.337470045542765718e+00
-9.999999999999999799e-13 9.999999999999999799e-13 8.699999999999999400e-02 1.046999999999999931e+00 -2.236885632030686466e+00 -2.148678511693192794e-01 1.003051312625578895e+00 0.000000000000000000e+00 9.999999999999999799e-13 9.999999999999999799e-13 1.722628708416033480e-02 -7.850000000000000311e-01 1.855098134798080167e+00 -6.194452442661697866e-02 -7.850000000000000311e-01 1.238029283318571316e+00
-9.999999999999999799e-13 9.999999999999999799e-13 8.699999999999999400e-02 1.046999999999999931e+00 -2.355999999999999872e+00 -4.416336649860646557e-01 1.046999999999999931e+00 -8.667492712209163841e-01 9.999999999999999799e-13 9.999999999999999799e-13 4.949488761791697583e-02 -7.850000000000000311e-01 1.687603086052948953e+00 -7.696752753926565382e-02 -7.034308273838251191e-01 1.079631385427069823e+00
-9.999999999999999799e-13 9.999999999999999799e-13 8.699999999999999400e-02 5.988223993335227702e-01 -2.355999999999999872e+00 -5.462870674458895071e-01 1.046999999999999931e+00 -1.404062944257487011e+00 9.999999999999999799e-13 9.999999999999999799e-13 8.672679069117592010e-02 -7.850000000000000311e-01 1.463732339946169247e+00 -1.047426523952750127e-01 -5.253356226746230817e-01 8.708193972508944114e-01
-9.999999999999999799e-13 9.999999999999999799e-13 8.699999999999999400e-02 1.590141473844397871e-02 -2.355999999999999872e+00 -5.839976791429275504e-01 1.046999999999999931e+00 -1.843019057201480848e+00 9.999999999999999799e-13 9.999999999999999799e-13 8.699999999999999400e-02 -7.850000000000000311e-01 1.246984207848457871e+00 -1.366200682822011625e-01 -3.902350968663476638e-01 8.362059090375932868e-01
-9.999999999999999799e-13 9.999999999999999799e-13 8.699999999999999400e-02 -3.416379148626134121e-01 -2.355999999999999872e+00 -6.557533568137025037e-01 1.046999999999999931e+00 -2.144666729739497235e+00 9.999999999999999799e-13 9.999999999999999799e-13 8.699999999999999400e-02 -7.850000000000000311e-01 1.056868547448310380e+00 -1.625443905959158830e-01 -2.046844953580429227e-01 8.329036938850009619e-01
-9.999999999999999799e-13 9.999999999999999799e-13 8.699999999999999400e-02 -5.234203209170292803e-01 -2.266417233345555893e+00 -7.850000000000000311e-01 8.817962955475679987e-01 -2.254337677358434711e+00 9.999999999999999799e-13 9.999999999999999799e-13 8.699999999999999400e-02 -7.850000000000000311e-01 9.448914721278338646e-01 -1.729068123575077109e-01 7.081648601530739565e-03 7.189730843656763071e-01
-9.999999999999999799e-13 9.999999999999999799e-13 8.699999999999999400e-02 -6.182488885382960708e-01 -2.056953367666680244e+00 -4.975864976269906981e-01 -1.198001948999565386e-01 -2.355999999999999872e+00 9.999999999999999799e-13 9.999999999999999799e-13 8.699999999999999400e-02 -7.751243646043772806e-01 7.895855604220720636e-01 -1.720703173131443442e-01 2.772102458775524969e-01 4.719772633904941728e-01
-9.999999999999999799e-13 9.999999999999999799e-13 8.699999999999999400e-02 -6.465318021353640976e-01 -1.883672500658787996e+00 -2.409391655123125642e-01 -5.011319573793920901e-01 -2.355999999999999872e+00 9.999999999999999799e-13 9.999999999999999799e-13 8.699999999999999400e-02 -7.142056789361916902e-01 9.031547233560672794e-01 -1.500527996359452554e-01 6.492377646622063958e-01 0.000000000000000000e+00
-9.999999999999999799e-13 9.999999999999999799e-13 8.699999999999999400e-02 -6.130596595679436156e-01 -1.745733264033790810e+00 -1.797399272824621030e-01 -6.935790645387350795e-01 -2.124646528630064424e+00 9.999999999999999799e-13 9.999999999999999799e-13 8.699999999999999400e-02 -5.934116487126355199e-01 1.036116605711273841e+00 -1.178925502357361793e-01 7.644146523912679347e-01 0.000000000000000000e+00
-9.999999999999999799e-13 9.999999999999999799e-13 8.699999999999999400e-02 -4.915153982622140205e-01 -1.663461478184599329e+00 -7.850000000000000311e-01 -7.850000000000000311e-01 -1.842386496900144444e+00 9.999999999999999799e-13 9.999999999999999799e-13 8.699999999999999400e-02 -3.897596038643123539e-01 9.862762493620529369e-01 -9.970301113636956258e-02 7.850000000000000311e-01 0.000000000000000000e+00
-9.999999999999999799e-13 9.999999999999999799e-13 8.699999999999999400e-02 -3.074972322570674876e-01 -1.591921574230187097e+00 -9.669574751465179197e-02 -7.420473764266934946e-01 -1.850973386794168007e+00 9.999999999999999799e-13 9.999999999999999799e-13 8.699999999999999400e-02 -1.173805503097971464e-01 8.223772491905929627e-01 -9.760066359697530669e-02 7.850000000000000311e-01 0.000000000000000000e+00
-9.999999999999999799e-13 9.999999999999999799e-13 8.699999999999999400e-02 -9.150947311865766098e-02 -1.475355325262876605e+00 -5.926319774975484511e-02 -6.693936444428586485e-01 -1.797627205578667287e+00 9.999999999999999799e-13 9.999999999999999799e-13 8.699999999999999400e-02 2.133283791873646640e-01 5.031863500227302666e-01 -1.189359739605112543e-01 7.850000000000000311e-01 0.000000000000000000e+00
9.999999999999999799e-13 9.999999999999999799e-13 8.699999999999999400e-02 1.140340045021945303e-01 -1.283855196314849678e+00 -4.474695561810554389e-01 -7.667359082391462799e-01 -1.744426247706126532e+00 9.999999999999999799e-13 9.999999999999999799e-13 8.699999999999999400e-02 6.064040643267725184e-01 0.000000000000000000e+00 -1.473981384686924856e-01 7.850000000000000311e-01 0.000000000000000000e+00
9.999999999999999799e-13 -9.999999999999999799e-13 8.699999999999999400e-02 3.703439633890737714e-01 -1.334619810181824739e+00 8.699999999999999400e-02 -4.154273495150843099e-01 -1.831999753905741990e+00 -9.999999999999999799e-13 9.999999999999999799e-13 8.699999999999999400e-02 7.259541048483338921e-01 0.000000000000000000e+00 -1.855231281614110883e-01 7.850000000000000311e-01 0.000000000000000000e+00
9.999999999999999799e-13 -9.999999999999999799e-13 8.699999999999999400e-02 6.018279669751189775e-01 -1.419967258120064635e+00 8.699999999999999400e-02 -1.927311186853182257e-01 -1.803841372039395097e+00 -9.999999999999999799e-13 -9.999999999999999799e-13 8.699999999999999400e-02 7.850000000000000311e-01 0.000000000000000000e+00 -1.362726194689616310e-01 7.850000000000000311e-01 4.562989236040060348e-01
9.999999999999999799e-13 -9.999999999999999799e-13 8.699999999999999400e-02 8.428082408238939394e-01 -1.393488692120942396e+00 -1.404044369359969298e-02 2.023718979055666098e-02 -1.632361555982328127e+00 -9.999999999999999799e-13 -9.999999999999999799e-13 8.699999999999999400e-02 7.850000000000000311e-01 0.000000000000000000e+00 8.699999999999999400e-02 7.059791015461488461e-01 9.144259397231380149e-01
9.999999999999999799e-13 -9.999999999999999799e-13 8.699999999999999400e-02 9.839954187817234743e-01 -1.198656344334090740e+00 -1.956787720660905366e-02 1.719664947558960377e-01 -1.372422282725174192e+00 -9.999999999999999799e-13 -9.999999999999999799e-13 8.699999999999999400e-02 7.850000000000000311e-01 0.000000000000000000e+00 8.699999999999999400e-02 5.949340495551669328e-01 1.153844792667196195e+00
9.999999999999999799e-13 -9.999999999999999799e-13 8.699999999999999400e-02 1.002626696243391180e+00 -8.411237416336838635e-01 -4.119676755131113782e-02 3.842269923908960827e-01 -1.449043912777214338e+00 -9.999999999999999799e-13 -9.999999999999999799e-13 3.790748261915726641e-02 7.850000000000000311e-01 5.828221700794316007e-01 8.699999999999999400e-02 4.492935289992990855e-01 1.387497660291148627e+00
9.999999999999999799e-13 -9.999999999999999799e-13 8.699999999999999400e-02 7.538850079599699328e-01 0.000000000000000000e+00 -6.388946520191612910e-02 5.295452598669261324e-01 -1.473901492423282278e+00 -9.999999999999999799e-13 -9.999999999999999799e-13 8.699999999999999400e-02 6.203229529417575439e-01 9.318944062911160842e-01 8.699999999999999400e-02 2.797357100713523392e-01 1.584358922279655246e+00
9.999999999999999799e-13 -9.999999999999999799e-13 8.699999999999999400e-02 8.699977921306042417e-01 0.000000000000000000e+00 -6.937867788011918557e-02 7.604088421021916178e-01 -1.465620643504407461e+00 -9.999999999999999799e-13 9.999999999999999799e-13 8.699999999999999400e-02 4.639879330472288510e-01 1.215043499757785916e+00 8.699999999999999400e-02 8.994136020463196213e-02 1.725320789847875069e+00
9.999999999999999799e-13 -9.999999999999999799e-13 8.699999999999999400e-02 9.635569012998176364e-01 0.000000000000000000e+00 -7.104433957852372694e-02 9.512612081783458073e-01 -1.347235947757671859e+00 -9.999999999999999799e-13 9.999999999999999799e-13 8.699999999999999400e-02 2.917015306527500629e-01 1.456763020216760296e+00 -9.353465813703269738e-02 -1.416207366324246375e-01 1.736761558445235387e+00
9.999999999999999799e-13 -9.999999999999999799e-13 8.699999999999999400e-02 1.025251659202140342e+00 0.000000000000000000e+00 -6.988809807122646489e-02 1.046999999999999931e+00 -1.105707261757849835e+00 -9.999999999999999799e-13 9.999999999999999799e-13 8.699999999999999400e-02 1.087506448087705441e-01 1.652799427189329151e+00 -8.523726438037862452e-02 -3.644845053494875087e-01 1.768283315715855508e+00
9.999999999999999799e-13 -9.999999999999999799e-13 8.699999999999999400e-02 1.042608338120732059e+00 0.000000000000000000e+00 -6.009846911788865875e-02 1.031063693009448112e+00 -6.895620610875266010e-01 -9.999999999999999799e-13 9.999999999999999799e-13 8.699999999999999400e-02 -8.803185420443675191e-02 1.793328664656364424e+00 -7.790977911162975944e-02 -5.626970266006587895e-01 1.734603736371902905e+00
9.999999999999999799e-13 -9.999999999999999799e-13 8.699999999999999400e-02 1.026328969559005211e+00 0.000000000000000000e+00 -4.876023470428064721e-02 8.427888113096885236e-01 0.000000000000000000e+00 9.999999999999999799e-13 9.999999999999999799e-13 8.699999999999999400e-02 -2.957619985550555275e-01 1.876308672275026623e+00 -6.396392295502477399e-02 -7.023168710813618709e-01 1.636343382624368736e+00
9.999999999999999799e-13 -9.999999999999999799e-13 8.699999999999999400e-02 1.046999999999999931e+00 -4.824205832242824954e-01 -3.485141699619282579e-02 9.357206402220010766e-01 0.000000000000000000e+00 9.999999999999999799e-13 9.999999999999999799e-13 -9.856051648226681061e-02 -5.006963559481659720e-01 1.927406539095978033e+00 -5.578502641622389013e-02 -7.674301187764709375e-01 1.487118875511159288e+00
-9.999999999999999799e-13 9.999999999999999799e-13 8.699999999999999400e-02 1.046999999999999931e+00 -1.271102436087260479e+00 -5.482475394916011546e-02 9.796794328067405244e-01 0.000000000000000000e+00 9.999999999999999799e-13 9.999999999999999799e-13 -8.948616726663043142e-02 -7.038501730257442635e-01 1.900282480780157712e+00 -6.781157309997870586e-02 -7.563058458009818130e-01 1.317049740906557354e+00
-9.999999999999999799e-13 9.999999999999999799e-13 8.699999999999999400e-02 1.046999999999999931e+00 -1.774694667146247795e+00 -1.237993966224228554e-01 1.007694437790190412e+00 0.000000000000000000e+00 9.999999999999999799e-13 9.999999999999999799e-13 -6.397481137971319787e-02 -7.850000000000000311e-01 1.818814327275156906e+00 -9.107742425407264197e-02 -7.086991310646081343e-01 1.193060404662844576e+00
-9.999999999999999799e-13 9.999999999999999799e-13 8.699999999999999400e-02 1.046999999999999931e+00 -2.163955225850346054e+00 -3.694896462410354188e-01 1.046999999999999931e+00 -7.847687671459100400e-01 9.999999999999999799e-13 9.999999999999999799e-13 -2.412506405198148324e-02 -7.850000000000000311e-01 1.681468992213328129e+00 -1.284646666392053882e-01 -5.720757158878116977e-01 9.975032892004183083e-01
-9.999999999999999799e-13 9.999999999999999799e-13 8.699999999999999400e-02 1.046999999999999931e+00 -2.355999999999999872e+00 -4.891388658749987184e-01 1.046999999999999931e+00 -1.370540751363271248e+00 9.999999999999999799e-13 9.999999999999999799e-13 2.922385899281347219e-02 -7.850000000000000311e-01 1.506354138253122699e+00 -1.669033418876000041e-01 -4.513253103248464071e-01 8.876067900058837168e-01
-9.999999999999999799e-13 9.999999999999999799e-13 8.699999999999999400e-02 5.662308557487684135e-01 -2.355999999999999872e+00 -5.622626608506086088e-01 1.046999999999999931e+00 -1.805508031783905842e+00 9.999999999999999799e-13 9.999999999999999799e-13 8.699999999999999400e-02 -7.850000000000000311e-01 1.301219091668333938e+00 -1.974550922871866898e-01 -2.930141015758862544e-01 8.638500676659912614e-01
-9.999999999999999799e-13 9.999999999999999799e-13 8.699999999999999400e-02 1.248394316697204048e-01 -2.355999999999999872e+00 -6.374476158335962150e-01 1.046999999999999931e+00 -2.095605454902115028e+00 9.999999999999999799e-13 9.999999999999999799e-13 8.699999999999999400e-02 -7.850000000000000311e-01 1.119131596597901179e+00 -2.183963832314969322e-01 -7.936087239507730318e-02 7.821892146243163424e-01
-9.999999999999999799e-13 9.999999999999999799e-13 8.699999999999999400e-02 -1.172930443117562171e-01 -2.265377354995615988e+00 -7.850000000000000311e-01 1.046999999999999931e+00 -2.220892825660959247e+00 9.999999999999999799e-13 9.999999999999999799e-13 8.699999999999999400e-02 -7.850000000000000311e-01 1.021847955447243272e+00 -2.250767362721743936e-01 1.631583354355167215e-01 5.845030126357162459e-01
-9.999999999999999799e-13 9.999999999999999799e-13 8.699999999999999400e-02 -2.570158175969986525e-01 -2.035523540306990675e+00 -5.418488797816318758e-01 7.095998991505055031e-02 -2.355999999999999872e+00 9.999999999999999799e-13 9.999999999999999799e-13 8.699999999999999400e-02 -7.850000000000000311e-01 9.010576532246066250e-01 -2.260477241622235456e-01 5.965325353206883952e-01 0.000000000000000000e+00
-9.999999999999999799e-13 9.999999999999999799e-13 8.699999999999999400e-02 -3.057602051885174865e-01 -1.848531110244379327e+00 -3.091916368698328088e-01 -3.460516279784524585e-01 -2.355999999999999872e+00 9.999999999999999799e-13 9.999999999999999799e-13 8.699999999999999400e-02 -7.610649402193195856e-01 9.984367069699615627e-01 -1.946070525747884139e-01 7.199806000209674206e-01 0.000000000000000000e+00
-9.999999999999999799e-13 9.999999999999999799e-13 8.699999999999999400e-02 -2.683170768840408837e-01 -1.713322501865818026e+00 -1.979049563955253277e-01 -4.839314886829630957e-01 -2.259620579593660139e+00 9.999999999999999799e-13 9.999999999999999799e-13 8.699999999999999400e-02 -6.496104400876525631e-01 1.135208776227635497e+00 -1.751427128624065133e-01 7.850000000000000311e-01 0.000000000000000000e+00
-9.999999999999999799e-13 9.999999999999999799e-13 8.699999999999999400e-02 -1.451441113058020427e-01 -1.615028185498156077e+00 -1.212082688249851298e-01 -5.086608239598939818e-01 -2.074197330193346289e+00 9.999999999999999799e-13 9.999999999999999799e-13 8.699999999999999400e-02 -4.728689905219886636e-01 1.136831699115682603e+00 -1.645943736019143400e-01 7.850000000000000311e-01 0.000000000000000000e+00
-9.999999999999999799e-13 9.999999999999999799e-13 8.699999999999999400e-02 3.355098155735501686e-02 -1.489562748225109701e+00 -4.814786310419892912e-01 -6.738779509125899514e-01 -1.864255864972198751e+00 9.999999999999999799e-13 9.999999999999999799e-13 8.699999999999999400e-02 -2.462086241248345742e-01 1.052488677877583712e+00 -1.697846099649044094e-01 7.850000000000000311e-01 0.000000000000000000e+00
9.999999999999999799e-13 9.999999999999999799e-13 8.699999999999999400e-02 2.486756978967280263e-01 -1.467335343146362270e+00 8.699999999999999400e-02 -3.982122445362110130e-01 -1.857752993956538035e+00 9.999999999999999799e-13 9.999999999999999799e-13 8.699999999999999400e-02 -1.826587572065493459e-03 9.124487033546557768e-01 -1.953826801475709585e-01 7.850000000000000311e-01 0.000000000000000000e+00
9.999999999999999799e-13 9.999999999999999799e-13 8.699999999999999400e-02 4.573001772573647705e-01 -1.574635955541650034e+00 8.699999999999999400e-02 -3.004877307233935757e-01 -1.799286199088473204e+00 -9.999999999999999799e-13 9.999999999999999799e-13 8.699999999999999400e-02 2.405343793348401482e-01 7.280863682736251619e-01 -2.276950417288407802e-01 7.850000000000000311e-01 0.000000000000000000e+00
9.999999999999999799e-13 -9.999999999999999799e-13 8.699999999999999400e-02 6.966705931645686967e-01 -1.650600456130462135e+00 -3.820015260992408197e-03 -1.133419511181949779e-01 -1.714193425249524338e+00 -9.999999999999999799e-13 9.999999999999999799e-13 6.713308489355267195e-02 4.931054472708293335e-01 4.770953407585487582e-01 -1.465304323312384138e-01 7.389796429570288927e-01 5.990369364726948476e-01
9.999999999999999799e-13 -9.999999999999999799e-13 8.699999999999999400e-02 9.342700901323394147e-01 -1.613734596914789599e+00 4.405159911385450253e-03 6.664273456541959517e-02 -1.582940412822713583e+00 -9.999999999999999799e-13 9.999999999999999799e-13 3.672888846573427180e-02 6.255423992570785519e-01 4.114369297036351014e-01 -1.411031232721215722e-01 5.769214484124938203e-01 9.245103582846683210e-01
9.999999999999999799e-13 -9.999999999999999799e-13 8.699999999999999400e-02 1.046999999999999931e+00 -1.464897301024276288e+00 -2.392891793718087204e-02 2.213292297435593692e-01 -1.504321993109630107e+00 -9.999999999999999799e-13 -9.999999999999999799e-13 1.839290122479060596e-02 6.502702367520462046e-01 4.952958242756055895e-01 -1.317732382890486331e-01 4.242204689043119203e-01 1.183140550619874887e+00
9.999999999999999799e-13 -9.999999999999999799e-13 8.699999999999999400e-02 1.046999999999999931e+00 -1.229032537143415205e+00 -1.098963548207843172e-01 3.498411554947684632e-01 -1.549491909790685185e+00 -9.999999999999999799e-13 -9.999999999999999799e-13 2.115805554669118911e-03 5.721971648644970099e-01 7.426025869744972141e-01 -1.207672328089857972e-01 2.459580516429988872e-01 1.412982002545976279e+00
9.999999999999999799e-13 -9.999999999999999799e-13 8.699999999999999400e-02 1.046999999999999931e+00 -8.609590828978550547e-01 -1.532602768452296371e-01 5.183622414354086549e-01 -1.576036770065717185e+00 -9.999999999999999799e-13 -9.999999999999999799e-13 -1.414175612416835454e-02 4.663568962013868169e-01 9.924618497184063415e-01 -1.141234050091709251e-01 3.513453430220613710e-02 1.595017804890357382e+00
9.999999999999999799e-13 -9.999999999999999799e-13 4.285169619183525763e-02 8.667319625571286990e-01 0.000000000000000000e+00 -1.921968497114907581e-01 6.834533858305730236e-01 -1.566081523379975415e+00 -9.999999999999999799e-13 -9.999999999999999799e-13 -1.555909799937090499e-01 3.480602394502862462e-01 1.271088257697137180e+00 -1.111331365407610267e-01 -2.000411245435070595e-01 1.718128817000888375e+00
9.999999999999999799e-13 -9.999999999999999799e-13 5.490062361713744440e-03 9.535923888313643237e-01 0.000000000000000000e+00 -1.961852990818312714e-01 8.655505260276822321e-01 -1.519454196707980209e+00 -9.999999999999999799e-13 -9.999999999999999799e-13 -2.081671813908677893e-01 2.259796322962332737e-01 1.492735480756028466e+00 -1.114460364610910387e-01 -4.316021034451529292e-01 1.762023402667361793e+00
9.999999999999999799e-13 -9.999999999999999799e-13 -1.593049781288281494e-02 1.013688758128590051e+00 0.000000000000000000e+00 -2.113867380261062190e-01 1.024771664933110893e+00 -1.364856929309757660e+00 -9.999999999999999799e-13 -9.999999999999999799e-13 -2.496799370258258322e-01 9.296140632967139772e-02 1.678538230490209671e+00 -1.067240914667048346e-01 -6.344963036362651909e-01 1.734945025473210833e+00
9.999999999999999799e-13 -9.999999999999999799e-13 -1.209613484027696403e-02 1.042076108863796424e+00 0.000000000000000000e+00 -2.272170686093516745e-01 1.046999999999999931e+00 -1.122835217808831665e+00 9.999999999999999799e-13 -9.999999999999999799e-13 8.699999999999999400e-02 -1.375032039134859718e-01 1.746131520720227925e+00 -9.765835362864216940e-02 -7.850000000000000311e-01 1.645348587712692101e+00
9.999999999999999799e-13 -9.999999999999999799e-13 4.416495924201967876e-02 1.046999999999999931e+00 0.000000000000000000e+00 -2.148876884130927201e-01 1.046999999999999931e+00 -7.723847519261983763e-01 9.999999999999999799e-13 9.999999999999999799e-13 1.709280641919189159e-02 -3.409206679995046563e-01 1.836903347985086477e+00 -8.646928455115437950e-02 -7.850000000000000311e-01 1.494322241877263480e+00
-9.999999999999999799e-13 -9.999999999999999799e-13 8.699999999999999400e-02 1.046999999999999931e+00 -4.411347386952630956e-01 -1.865629501208589391e-01 8.995791666287933364e-01 -1.370209034883576038e-01 9.999999999999999799e-13 9.999999999999999799e-13 -7.507825204600140911e-02 -5.481570861763297442e-01 1.885711877278362536e+00 -8.812678922602058817e-02 -7.850000000000000311e-01 1.287284314789555850e+00
-9.999999999999999799e-13 9.999999999999999799e-13 8.699999999999999400e-02 1.046999999999999931e+00 -1.256049517458133202e+00 -1.615910750777081739e-01 9.092249482616608924e-01 0.000000000000000000e+00 9.999999999999999799e-13 9.999999999999999799e-13 -5.327868113097624508e-02 -7.587233909522854702e-01 1.860903258119428472e+00 -8.770374404360548048e-02 -7.850000000000000311e-01 1.134698929970044290e+00
-9.999999999999999799e-13 9.999999999999999799e-13 8.699999999999999400e-02 1.046999999999999931e+00 -1.741786001638997661e+00 -1.677443785116775610e-01 9.613363405465564782e-01 0.000000000000000000e+00 9.999999999999999799e-13 9.999999999999999799e-13 -1.937245666120913923e-02 -7.850000000000000311e-01 1.768655241426202451e+00 -8.951910831350927411e-02 -7.850000000000000311e-01 9.989930411558889389e-01
-9.999999999999999799e-13 9.999999999999999799e-13 8.699999999999999400e-02 1.046999999999999931e+00 -2.126221777645769251e+00 -3.143189595836202721e-01 1.046999999999999931e+00 -6.570416562192846754e-01 9.999999999999999799e-13 9.999999999999999799e-13 2.985159875242058419e-02 -7.850000000000000311e-01 1.609901533088672565e+00 -8.607182816538490322e-02 -7.011921910285792148e-01 8.816899810365894652e-01
-9.999999999999999799e-13 9.999999999999999799e-13 8.699999999999999400e-02 1.046999999999999931e+00 -2.355999999999999872e+00 -4.509044502025368328e-01 1.046999999999999931e+00 -1.165520792561515862e+00 9.999999999999999799e-13 9.999999999999999799e-13 8.496550521201111372e-02 -7.850000000000000311e-01 1.408590474007428206e+00 -1.081275001055415769e-01 -6.423871117007439180e-01 9.397757256578955776e-01
-9.999999999999999799e-13 9.999999999999999799e-13 8.699999999999999400e-02 6.619067922347983135e-01 -2.355999999999999872e+00 -5.233321667562976787e-01 1.046999999999999931e+00 -1.684009930974495362e+00 9.999999999999999799e-13 9.999999999999999799e-13 8.699999999999999400e-02 -7.850000000000000311e-01 1.216795898134156673e+00 -1.313431254032605966e-01 -5.495131631088137070e-01 1.026902609061629335e+00
-9.999999999999999799e-13 9.999999999999999799e-13 8.699999999999999400e-02 6.345673088829362207e-02 -2.355999999999999872e+00 -5.066867400982599801e-01 1.046999999999999931e+00 -2.123537257419927826e+00 9.999999999999999799e-13 9.999999999999999799e-13 8.699999999999999400e-02 -7.850000000000000311e-01 1.030191912772115082e+00 -1.658042731295605587e-01 -4.062086947888665089e-01 1.029206193489904386e+00
-9.999999999999999799e-13 9.999999999999999799e-13 8.699999999999999400e-02 -3.060675505622444392e-01 -2.355999999999999872e+00 -4.748582542002003914e-01 1.046999999999999931e+00 -2.355999999999999872e+00 9.999999999999999799e-13 9.999999999999999799e-13 8.699999999999999400e-02 -7.850000000000000311e-01 9.433229561844926891e-01 -1.972004780457309037e-01 -2.394124141009957019e-01 9.602471334042848028e-01
-9.999999999999999799e-13 9.999999999999999799e-13 8.699999999999999400e-02 -5.221746096167688700e-01 -2.160272302131523325e+00 -3.777243760367921532e-01 4.740886970430958081e-01 -2.355999999999999872e+00 9.999999999999999799e-13 9.999999999999999799e-13 8.699999999999999400e-02 -7.850000000000000311e-01 8.171793041034005611e-01 -2.118608200771173455e-01 -5.231713560810825892e-02 8.437848064967248263e-01
-9.999999999999999799e-13 9.999999999999999799e-13 8.699999999999999400e-02 -6.627133265900629899e-01 -1.979525923354996664e+00 -1.773538190844136386e-01 4.776969099031247445e-02 -2.355999999999999872e+00 9.999999999999999799e-13 9.999999999999999799e-13 8.699999999999999400e-02 -7.850000000000000311e-01 9.210672795741547958e-01 -2.035149567173165364e-01 1.315983219428682183e-01 7.342966393267431613e-01
-9.999999999999999799e-13 9.999999999999999799e-13 8.699999999999999400e-02 -7.552465061193158746e-01 -1.840161264599456281e+00 -5.878304045452055482e-02 -8.456496851338729526e-02 -2.255876126675095961e+00 9.999999999999999799e-13 9.999999999999999799e-13 8.699999999999999400e-02 -7.435770043703797683e-01 1.060131918862856182e+00 -1.916026632849558431e-01 3.238724731368312626e-01 5.890412085366483197e-01
-9.999999999999999799e-13 9.999999999999999799e-13 8.699999999999999400e-02 -7.677192368241193554e-01 -1.756114249922405612e+00 -1.100522612893827384e-01 -9.481247686881248693e-02 -2.014910193272172911e+00 9.999999999999999799e-13 9.999999999999999799e-13 8.699999999999999400e-02 -6.174742715279053495e-01 1.110597658082813410e+00 -1.684913262499775910e-01 6.001185209962748290e-01 2.368246970703333787e-01
-9.999999999999999799e-13 9.999999999999999799e-13 8.699999999999999400e-02 -6.996772281760924583e-01 -1.747142434222833884e+00 -1.061685784122178289e-01 8.924701602687002897e-03 -1.809890708945836479e+00 9.999999999999999799e-13 9.999999999999999799e-13 8.699999999999999400e-02 -4.430689581852808034e-01 1.074803020616197813e+00 -1.450220110169836429e-01 7.850000000000000311e-01 0.000000000000000000e+00
-9.999999999999999799e-13 9.999999999999999799e-13 8.699999999999999400e-02 -5.674687749609346188e-01 -1.776428335382297163e+00 -3.063727109844298184e-03 1.798713786922402358e-01 -1.658085791023372835e+00 9.999999999999999799e-13 9.999999999999999799e-13 8.699999999999999400e-02 -2.398519721840337293e-01 9.876111140481294015e-01 -1.345444751341831335e-01 7.850000000000000311e-01 0.000000000000000000e+00
9.999999999999999799e-13 9.999999999999999799e-13 8.699999999999999400e-02 -4.003928833881218452e-01 -1.771167078921041416e+00 2.066599148706768641e-02 3.331740603646929921e-01 -1.503301235537310987e+00 9.999999999999999799e-13 9.999999999999999799e-13 8.699999999999999400e-02 -2.518958371118249634e-02 8.516147484972815818e-01 -1.492591991539564122e-01 7.850000000000000311e-01 0.000000000000000000e+00
9.999999999999999799e-13 9.999999999999999799e-13 8.699999999999999400e-02 -2.160432031854260526e-01 -1.712760675279854539e+00 1.009036740103400054e-02 5.097648977389496183e-01 -1.549200630609826490e+00 -9.999999999999999799e-13 -9.999999999999999799e-13 8.699999999999999400e-02 1.765175514099440457e-01 6.997189547832842749e-01 -1.733072569400442020e-01 7.850000000000000311e-01 0.000000000000000000e+00
9.999999999999999799e-13 9.999999999999999799e-13 8.699999999999999400e-02 -3.653446933303056837e-02 -1.606527848408775050e+00 -2.932653455621681698e-02 6.616959207996554460e-01 -1.562167431300451881e+00 -9.999999999999999799e-13 -9.999999999999999799e-13 8.699999999999999400e-02 3.702206678670063589e-01 5.426424164944139150e-01 -1.180879807867191572e-01 6.866918369916714671e-01 6.147450443546826904e-01
9.999999999999999799e-13 9.999999999999999799e-13 8.699999999999999400e-02 1.266185608966022280e-01 -1.455783259733196111e+00 -4.444363102041884450e-02 8.274102422107358912e-01 -1.565581638928519759e+00 -9.999999999999999799e-13 -9.999999999999999799e-13 8.699999999999999400e-02 4.791978126325405207e-01 5.323517811089013563e-01 -1.075802130267670270e-01 5.756533811430847303e-01 9.106718289443831438e-01
9.999999999999999799e-13 -9.999999999999999799e-13 8.699999999999999400e-02 9.511652434615284202e-01 0.000000000000000000e+00 -1.224422342232482641e-01 8.983241771459015146e-01 -1.146323940689290666e+00 -9.999999999999999799e-13 9.999999999999999799e-13 -1.738842910779705986e-02 1.029839203306920081e-01 1.570757571143864162e+00 -8.853507300348527342e-02 -2.131479619313451923e-01 1.750482562558701716e+00
