-9.999999999999999799e-13 9.999999999999999799e-13 8.699999999999999400e-02 6.176973549025265298e-01 -1.643711573243367141e+00 -3.391678926390536558e-02 1.046999999999999931e+00 -5.401242362751457193e-01 9.999999999999999799e-13 -9.999999999999999799e-13 8.699999999999999400e-02 6.883162333650741926e-01 2.092120241586679086e-01 -1.503179966834404524e-01 -6.538498084257461374e-01 1.121166784176034881e+00
-9.999999999999999799e-13 9.999999999999999799e-13 8.699999999999999400e-02 7.527185337337597426e-01 -1.690324268944360497e+00 -1.105623860440387018e-01 1.046999999999999931e+00 -1.035285036395944047e+00 9.999999999999999799e-13 -9.999999999999999799e-13 8.699999999999999400e-02 4.815492361739860949e-01 5.839183764828987933e-01 -1.353785305547398898e-01 -6.053660237286141443e-01 1.139197862069235789e+00
-9.999999999999999799e-13 9.999999999999999799e-13 8.699999999999999400e-02 8.910701210615723511e-01 -1.729787897563206833e+00 -1.683876830953708603e-01 1.046999999999999931e+00 -1.418265814698958849e+00 9.999999999999999799e-13 9.999999999999999799e-13 8.699999999999999400e-02 2.987411674265907924e-01 8.832577084249511046e-01 -1.413032302591542555e-01 -5.474784008767928922e-01 1.203476896787014638e+00
-9.999999999999999799e-13 9.999999999999999799e-13 8.699999999999999400e-02 1.026050041686429104e+00 -1.749168848538651844e+00 -2.153164942749155875e-01 1.046999999999999931e+00 -1.742811995527437929e+00 9.999999999999999799e-13 9.999999999999999799e-13 8.699999999999999400e-02 1.216788735990596837e-01 1.140652814672643345e+00 -1.482878030144887671e-01 -4.957584239839241125e-01 1.238597604634177785e+00
-9.999999999999999799e-13 9.999999999999999799e-13 8.699999999999999400e-02 1.046999999999999931e+00 -1.735486299266947086e+00 -2.525348250962177188e-01 1.046999999999999931e+00 -2.006598375167333970e+00 9.999999999999999799e-13 9.999999999999999799e-13 8.699999999999999400e-02 -6.448352159008362283e-02 1.367325931301492936e+00 -1.470175797859546163e-01 -4.335816495638076251e-01 1.266552583315878167e+00
-9.999999999999999799e-13 9.999999999999999799e-13 8.699999999999999400e-02 1.046999999999999931e+00 -1.679154798519957303e+00 -3.057787926279906809e-01 1.046999999999999931e+00 -2.167494397101366488e+00 9.999999999999999799e-13 9.999999999999999799e-13 8.699999999999999400e-02 -2.407404367070134499e-01 1.532951285531513719e+00 -1.289450752286133428e-01 -3.523326100334067124e-01 1.272470102633278977e+00
-9.999999999999999799e-13 -9.999999999999999799e-13 8.699999999999999400e-02 1.046999999999999931e+00 -1.585446566698484716e+00 -4.120523134074141614e-01 9.322926076937856354e-01 -2.169245186807925663e+00 9.999999999999999799e-13 9.999999999999999799e-13 8.699999999999999400e-02 -4.097709267994454896e-01 1.656955795369850826e+00 -1.068858743649877957e-01 -2.635828366876691864e-01 1.256373375330111841e+00
-9.999999999999999799e-13 -9.999999999999999799e-13 8.699999999999999400e-02 1.046999999999999931e+00 -1.461453233339830682e+00 -4.745412499610639490e-01 5.250222998429738830e-01 -2.087890712801831583e+00 9.999999999999999799e-13 9.999999999999999799e-13 8.699999999999999400e-02 -5.637912551801461669e-01 1.724654685166986390e+00 -8.414601294458665115e-02 -1.640503541504027829e-01 1.213768271861189518e+00
-9.999999999999999799e-13 -9.999999999999999799e-13 8.699999999999999400e-02 1.046999999999999931e+00 -1.286943407566567998e+00 -4.550222423886136625e-01 2.755303647470407347e-01 -1.972043431721871798e+00 9.999999999999999799e-13 9.999999999999999799e-13 8.699999999999999400e-02 -6.812257268229595653e-01 1.723098739796364853e+00 -5.842054930203391394e-02 -4.861022018543896539e-02 1.132179886788454937e+00
-9.999999999999999799e-13 -9.999999999999999799e-13 8.699999999999999400e-02 1.046999999999999931e+00 -1.034262568573098839e+00 -4.352060703996036839e-01 1.930978396905647654e-01 -1.785979941086410783e+00 9.999999999999999799e-13 9.999999999999999799e-13 8.699999999999999400e-02 -7.514566944787446356e-01 1.656159334843360753e+00 -2.888876953739267020e-02 8.518062975906126599e-02 1.011432606046760441e+00
-9.999999999999999799e-13 -9.999999999999999799e-13 8.699999999999999400e-02 1.046999999999999931e+00 -6.716960456893588116e-01 -4.449022054960031225e-01 1.500727037945262798e-01 -1.654519312184943303e+00 9.999999999999999799e-13 9.999999999999999799e-13 8.699999999999999400e-02 -7.850000000000000311e-01 1.550181249580958820e+00 1.351568214151133932e-03 2.326919177928344629e-01 8.530041102782730533e-01
-9.999999999999999799e-13 -9.999999999999999799e-13 8.699999999999999400e-02 8.715340085169361872e-01 0.000000000000000000e+00 -4.905257894792543483e-01 1.272062136148463529e-01 -1.510488168874902115e+00 9.999999999999999799e-13 9.999999999999999799e-13 8.699999999999999400e-02 -7.850000000000000311e-01 1.428175909062305848e+00 2.461950413880470076e-02 3.895827944795985931e-01 6.606910019130598499e-01
-9.999999999999999799e-13 -9.999999999999999799e-13 8.699999999999999400e-02 9.100242233237243461e-01 0.000000000000000000e+00 -4.124891295617086895e-01 2.235344478447834349e-01 -1.471297523978931210e+00 9.999999999999999799e-13 9.999999999999999799e-13 8.218204370408471737e-02 -7.850000000000000311e-01 1.318990998201204690e+00 2.789316955288240196e-02 5.374665999381883497e-01 4.647522485929176383e-01
-9.999999999999999799e-13 -9.999999999999999799e-13 8.699999999999999400e-02 9.252566369892550879e-01 0.000000000000000000e+00 -3.402748673888533193e-01 3.740036980790782395e-01 -1.472287663867132501e+00 9.999999999999999799e-13 9.999999999999999799e-13 6.942585296587469590e-02 -7.850000000000000311e-01 1.244918519658443579e+00 1.494799379388893172e-02 6.844261709523060677e-01 2.453681410350316838e-01
-9.999999999999999799e-13 -9.999999999999999799e-13 8.699999999999999400e-02 9.014742495234873143e-01 0.000000000000000000e+00 -3.229130068835657230e-01 4.679322940933466346e-01 -1.437889921758522149e+00 9.999999999999999799e-13 9.999999999999999799e-13 5.830732550492967459e-02 -7.850000000000000311e-01 1.210299688279447672e+00 -1.043721052592629095e-02 7.850000000000000311e-01 0.000000000000000000e+00
-9.999999999999999799e-13 -9.999999999999999799e-13 8.699999999999999400e-02 1.019664010583083202e+00 -2.987212132909000672e-01 -3.216038115848419143e-01 5.874561881471117575e-01 -1.435401071834937703e+00 9.999999999999999799e-13 9.999999999999999799e-13 4.571897160677582117e-02 -7.850000000000000311e-01 1.203326523081812205e+00 -4.042276116199598063e-02 7.850000000000000311e-01 0.000000000000000000e+00
-9.999999999999999799e-13 -9.999999999999999799e-13 8.699999999999999400e-02 1.046999999999999931e+00 -9.233520047401331254e-01 -2.903147816675344939e-01 7.173011001944837872e-01 -1.489401018970992752e+00 9.999999999999999799e-13 9.999999999999999799e-13 3.643680120566900049e-02 -7.730488362721329443e-01 1.206498984908342287e+00 -6.493197355861252129e-02 6.483664062715590592e-01 3.645204371213335293e-01
-9.999999999999999799e-13 -9.999999999999999799e-13 8.699999999999999400e-02 1.046999999999999931e+00 -1.354047202698544616e+00 -2.602721661408384235e-01 8.552360906293148268e-01 -1.542533236933731899e+00 9.999999999999999799e-13 9.999999999999999799e-13 5.180071136698302658e-02 -7.267475636598840216e-01 1.257025642233619678e+00 -9.156052793645595711e-02 5.065596129336642495e-01 6.183965144059202501e-01
-9.999999999999999799e-13 -9.999999999999999799e-13 8.699999999999999400e-02 1.046999999999999931e+00 -1.706440265063966955e+00 -2.625729171582675270e-01 9.862841250549738703e-01 -1.566582450441161178e+00 9.999999999999999799e-13 9.999999999999999799e-13 7.280258499626889035e-02 -6.717134341556761923e-01 1.312506908455461918e+00 -1.138510030446192312e-01 3.598124032833571739e-01 8.514857864820202238e-01
-9.999999999999999799e-13 -9.999999999999999799e-13 8.699999999999999400e-02 1.046999999999999931e+00 -2.009692907689177410e+00 -2.637338996045774930e-01 1.046999999999999931e+00 -1.565453285278985973e+00 9.999999999999999799e-13 9.999999999999999799e-13 8.699999999999999400e-02 -6.167903176526989828e-01 1.346453187541984953e+00 -1.365429502571484377e-01 2.174482177053529697e-01 1.046772136531080477e+00
-9.999999999999999799e-13 9.999999999999999799e-13 8.699999999999999400e-02 1.046999999999999931e+00 -2.233712603421666998e+00 -2.644877903095516070e-01 1.046999999999999931e+00 -1.542626834051856299e+00 9.999999999999999799e-13 9.999999999999999799e-13 8.699999999999999400e-02 -5.519838248180291007e-01 1.370983023966613423e+00 -1.647236999001100155e-01 7.559061754877448303e-02 1.210524172507941643e+00
-9.999999999999999799e-13 9.999999999999999799e-13 8.699999999999999400e-02 7.381204521872162250e-01 -2.323649218779306302e+00 -2.536385659994194186e-01 1.046999999999999931e+00 -1.486856623703781466e+00 9.999999999999999799e-13 9.999999999999999799e-13 8.699999999999999400e-02 -4.675359971872943277e-01 1.366595775215197150e+00 -1.948160541937372647e-01 -6.416271398486560196e-02 1.337957137236561955e+00
-9.999999999999999799e-13 9.999999999999999799e-13 8.699999999999999400e-02 3.821350870147531276e-01 -2.288330593865857132e+00 -2.410114669753205818e-01 1.046999999999999931e+00 -1.382450338271326018e+00 9.999999999999999799e-13 -9.999999999999999799e-13 8.699999999999999400e-02 -3.631435536980776591e-01 1.325329067982340625e+00 -2.262226578593613258e-01 -1.953102899222201594e-01 1.418959575836481690e+00
-9.999999999999999799e-13 9.999999999999999799e-13 8.699999999999999400e-02 1.439299349233449377e-01 -2.183170083768586345e+00 -2.207395665520737738e-01 1.046999999999999931e+00 -1.239377883369001232e+00 9.999999999999999799e-13 -9.999999999999999799e-13 8.699999999999999400e-02 -2.539670167449163962e-01 1.260723841257695099e+00 -2.582428740096600062e-01 -3.103281138017712770e-01 1.447491185904421052e+00
-9.999999999999999799e-13 9.999999999999999799e-13 8.699999999999999400e-02 2.571159583017087677e-02 -2.063107586193660303e+00 -1.919654690483997839e-01 1.046999999999999931e+00 -1.052555442563351207e+00 9.999999999999999799e-13 -9.999999999999999799e-13 8.699999999999999400e-02 -1.279485339735037808e-01 1.161217163663357255e+00 -2.890298410924317385e-01 -4.037211862697930309e-01 1.423058709653727050e+00
9.999999999999999799e-13 9.999999999999999799e-13 8.699999999999999400e-02 -3.634830171494339915e-03 -1.960107721236855838e+00 -1.543018991062265199e-01 1.046999999999999931e+00 -7.835559272258585395e-01 9.999999999999999799e-13 -9.999999999999999799e-13 8.699999999999999400e-02 9.922146254582334124e-03 1.027398882450471618e+00 -3.148823430774894128e-01 -4.631841279135063827e-01 1.348088895524396591e+00
9.999999999999999799e-13 9.999999999999999799e-13 8.699999999999999400e-02 3.363031982865242325e-02 -1.829165322211001588e+00 -9.703766403400279628e-02 1.046999999999999931e+00 -3.689902600913228525e-01 9.999999999999999799e-13 -9.999999999999999799e-13 8.699999999999999400e-02 1.530870201331510361e-01 8.607688747251636130e-01 -3.323571613154194249e-01 -4.958154800691675357e-01 1.237913974726205346e+00
9.999999999999999799e-13 9.999999999999999799e-13 8.699999999999999400e-02 1.530314463140926284e-01 -1.765425118880148858e+00 -7.070409266160239403e-02 9.311695831924303723e-01 0.000000000000000000e+00 9.999999999999999799e-13 -9.999999999999999799e-13 8.699999999999999400e-02 3.152288557357485477e-01 6.454194559523251939e-01 -3.460323621361338087e-01 -5.094943264058436894e-01 1.111824016972858153e+00
9.999999999999999799e-13 9.999999999999999799e-13 8.699999999999999400e-02 2.897293518629117659e-01 -1.689557236497133630e+00 -5.119500119397649152e-02 9.568799385915297551e-01 0.000000000000000000e+00 9.999999999999999799e-13 -9.999999999999999799e-13 8.699999999999999400e-02 4.920693604322705084e-01 4.006645158643689086e-01 -3.442514073435024025e-01 -5.257463186732841409e-01 1.019425826575731442e+00
9.999999999999999799e-13 9.999999999999999799e-13 8.699999999999999400e-02 4.164385801557295985e-01 -1.599154518746274789e+00 -3.635152571012915251e-02 9.605837341095468940e-01 0.000000000000000000e+00 9.999999999999999799e-13 -9.999999999999999799e-13 8.699999999999999400e-02 7.406429964861225290e-01 0.000000000000000000e+00 -3.305716975259237467e-01 -5.574121558187998815e-01 9.722658547458173928e-01
9.999999999999999799e-13 9.999999999999999799e-13 8.699999999999999400e-02 5.603319503879743424e-01 -1.611802849048597608e+00 -3.401688877539480599e-02 9.388785601098815770e-01 0.000000000000000000e+00 9.999999999999999799e-13 -9.999999999999999799e-13 8.699999999999999400e-02 7.750547713743628497e-01 0.000000000000000000e+00 -3.055966108101987322e-01 -5.994075948607872073e-01 9.835028561913095047e-01
-9.999999999999999799e-13 9.999999999999999799e-13 8.699999999999999400e-02 6.176973549025265298e-01 -1.643711573243367141e+00 -3.391678926390536558e-02 1.046999999999999931e+00 -5.401242362751457193e-01 9.999999999999999799e-13 -9.999999999999999799e-13 8.699999999999999400e-02 6.883162333650741926e-01 2.092120241586679086e-01 -1.503179966834404524e-01 -6.538498084257461374e-01 1.121166784176034881e+00
