9.999999999999999799e-13 9.999999999999999799e-13 8.699999999999999400e-02 5.812483763572992013e-01 -2.084464105513574417e+00 -2.053875046964835360e-01 9.832572188703370131e-01 0.000000000000000000e+00 9.999999999999999799e-13 -9.999999999999999799e-13 8.699999999999999400e-02 -4.862844776239591549e-01 1.143632700132798163e+00 -1.647542246760705653e-01 -6.546503210269305484e-01 1.498032176107617630e+00
-9.999999999999999799e-13 9.999999999999999799e-13 8.699999999999999400e-02 5.394567484013383929e-01 -2.026178751842442338e+00 -2.263784207920810920e-01 1.046999999999999931e+00 -2.732953465923610992e-01 9.999999999999999799e-13 -9.999999999999999799e-13 8.699999999999999400e-02 -4.088975341859631407e-01 1.177118706045453322e+00 -1.509687972799312328e-01 -7.654670036663806520e-01 1.477835810936874772e+00
-9.999999999999999799e-13 9.999999999999999799e-13 8.699999999999999400e-02 5.319271727108499936e-01 -1.973593174961459695e+00 -4.357466177327534718e-01 1.046999999999999931e+00 -9.838636154824929037e-01 9.999999999999999799e-13 -9.999999999999999799e-13 8.699999999999999400e-02 -3.365295038743151834e-01 1.147322906129339515e+00 -1.393900969559395409e-01 -7.850000000000000311e-01 1.442548626762773623e+00
-9.999999999999999799e-13 9.999999999999999799e-13 8.699999999999999400e-02 5.472702422203927775e-01 -1.926615222339710165e+00 -4.478609357071149932e-01 1.046999999999999931e+00 -1.464883216901600171e+00 9.999999999999999799e-13 -9.999999999999999799e-13 8.699999999999999400e-02 -2.577903714983592054e-01 1.157522868855823006e+00 -1.362540450305288753e-01 -7.850000000000000311e-01 1.373987769146617133e+00
-9.999999999999999799e-13 9.999999999999999799e-13 8.699999999999999400e-02 5.993272687407859012e-01 -1.887460005877680480e+00 -4.033342510539296710e-01 1.046999999999999931e+00 -1.882324986316696425e+00 9.999999999999999799e-13 -9.999999999999999799e-13 8.699999999999999400e-02 -1.685797436622978318e-01 1.135032359021199255e+00 -1.355097727773894589e-01 -7.850000000000000311e-01 1.293207976656301383e+00
-9.999999999999999799e-13 9.999999999999999799e-13 8.699999999999999400e-02 6.885481453857245082e-01 -1.852504170246989545e+00 -3.188678022894847475e-01 1.046999999999999931e+00 -2.245871812957588531e+00 9.999999999999999799e-13 -9.999999999999999799e-13 8.699999999999999400e-02 -7.857727029342918834e-02 1.107472021780280258e+00 -1.404369179672501355e-01 -7.850000000000000311e-01 1.230920334045969788e+00
-9.999999999999999799e-13 9.999999999999999799e-13 8.699999999999999400e-02 8.285320301218140893e-01 -1.903440248458979411e+00 -3.019064468604539253e-01 9.055267344470433466e-01 -2.355999999999999872e+00 9.999999999999999799e-13 -9.999999999999999799e-13 8.699999999999999400e-02 1.294646949759462561e-02 1.074334480046646334e+00 -1.586665885291446421e-01 -7.850000000000000311e-01 1.269619582195936403e+00
-9.999999999999999799e-13 9.999999999999999799e-13 8.699999999999999400e-02 9.844245609974066058e-01 -1.946800258739918021e+00 -2.355034429135954566e-01 3.523984369992485544e-01 -2.355999999999999872e+00 9.999999999999999799e-13 -9.999999999999999799e-13 8.699999999999999400e-02 1.244007093468525726e-01 1.004932362845305960e+00 -1.689166158271292739e-01 -7.474414075016574399e-01 1.341978501851937011e+00
-9.999999999999999799e-13 9.999999999999999799e-13 8.699999999999999400e-02 1.046999999999999931e+00 -1.911208661930485775e+00 -1.375707394381673054e-01 8.273141650850578122e-02 -2.355999999999999872e+00 9.999999999999999799e-13 -9.999999999999999799e-13 8.699999999999999400e-02 2.561399295218949601e-01 8.888185441179778934e-01 -1.798011999205551548e-01 -6.700293080090378162e-01 1.313545902883693550e+00
-9.999999999999999799e-13 -9.999999999999999799e-13 8.699999999999999400e-02 1.046999999999999931e+00 -1.819426616246773598e+00 -2.870539568275491948e-01 -2.167734088995204242e-02 -2.222172723514022508e+00 9.999999999999999799e-13 -9.999999999999999799e-13 8.699999999999999400e-02 3.928061630795707804e-01 7.175657499537315687e-01 -1.866572207540384554e-01 -5.545007439697398066e-01 1.283213330518105266e+00
-9.999999999999999799e-13 -9.999999999999999799e-13 8.699999999999999400e-02 1.046999999999999931e+00 -1.665740999921238696e+00 -2.602675430762840247e-01 5.992603915960140193e-03 -2.062028747319143207e+00 9.999999999999999799e-13 -9.999999999999999799e-13 8.699999999999999400e-02 5.566104574160566365e-01 4.715088135153813198e-01 -1.863696085787795442e-01 -4.165878487366111438e-01 1.200505685810703937e+00
-9.999999999999999799e-13 -9.999999999999999799e-13 8.699999999999999400e-02 1.046999999999999931e+00 -1.471624463631900248e+00 -8.162470648328229439e-02 8.355167030115083493e-02 -1.989682272437189425e+00 9.999999999999999799e-13 -9.999999999999999799e-13 8.699999999999999400e-02 7.850000000000000311e-01 0.000000000000000000e+00 -1.844370429269102107e-01 -2.679951574058989650e-01 1.090802544612037295e+00
-9.999999999999999799e-13 -9.999999999999999799e-13 8.699999999999999400e-02 1.046999999999999931e+00 -1.237642763574831051e+00 -1.018865318958927652e-01 2.058876936171601668e-01 -1.813068532816709322e+00 9.999999999999999799e-13 -9.999999999999999799e-13 8.699999999999999400e-02 7.850000000000000311e-01 0.000000000000000000e+00 -1.776855774302087132e-01 -1.159838491475150418e-01 9.668948579779206298e-01
9.999999999999999799e-13 -9.999999999999999799e-13 8.699999999999999400e-02 1.046999999999999931e+00 -9.407567249002593002e-01 -9.776494638090406364e-02 3.676260862662923401e-01 -1.637915298416660725e+00 9.999999999999999799e-13 -9.999999999999999799e-13 8.699999999999999400e-02 7.850000000000000311e-01 0.000000000000000000e+00 -1.702707394170161759e-01 4.003710339052491546e-02 8.255204375999491972e-01
9.999999999999999799e-13 -9.999999999999999799e-13 8.699999999999999400e-02 1.016714149555493218e+00 -4.903726198248987700e-01 -1.573046340686308775e-01 5.165782197639336992e-01 -1.602011511563962820e+00 9.999999999999999799e-13 9.999999999999999799e-13 8.699999999999999400e-02 6.180434151715770152e-01 4.345347011483422506e-01 -1.619733566012620252e-01 1.911963154937350029e-01 6.778667548119727826e-01
9.999999999999999799e-13 -9.999999999999999799e-13 8.699999999999999400e-02 8.432110765566860344e-01 0.000000000000000000e+00 -1.574307890492457063e-01 6.518479627816431421e-01 -1.567467239269376478e+00 -9.999999999999999799e-13 9.999999999999999799e-13 8.699999999999999400e-02 4.721109726801482331e-01 7.062623112768520173e-01 -1.550774724630302193e-01 3.104741383997204895e-01 5.706273115155724440e-01
9.999999999999999799e-13 -9.999999999999999799e-13 8.699999999999999400e-02 8.904717606265344365e-01 0.000000000000000000e+00 -1.237707378146736953e-01 7.848792509957578378e-01 -1.498253768089512938e+00 -9.999999999999999799e-13 9.999999999999999799e-13 8.699999999999999400e-02 3.502438581528111716e-01 9.264299706203731333e-01 -1.514396687413139542e-01 3.586189764173532413e-01 5.859397126552234880e-01
9.999999999999999799e-13 -9.999999999999999799e-13 8.699999999999999400e-02 9.257786687414872873e-01 0.000000000000000000e+00 -1.463035762867000433e-01 8.736804483819029521e-01 -1.388088709117671016e+00 -9.999999999999999799e-13 9.999999999999999799e-13 8.699999999999999400e-02 2.382416354942661074e-01 1.109841823440071096e+00 -1.575019107452696743e-01 3.653017565660803823e-01 6.754252942344898258e-01
9.999999999999999799e-13 -9.999999999999999799e-13 8.699999999999999400e-02 9.398419118208479750e-01 0.000000000000000000e+00 -1.347924819474172198e-01 9.558547243563902951e-01 -1.259120963621623623e+00 -9.999999999999999799e-13 9.999999999999999799e-13 8.699999999999999400e-02 1.261568666340713296e-01 1.270297754377210708e+00 -1.752554832064775470e-01 3.048864396606437710e-01 8.517855127710953766e-01
9.999999999999999799e-13 9.999999999999999799e-13 8.699999999999999400e-02 9.365737210898742449e-01 0.000000000000000000e+00 -1.296026318098991714e-01 9.960927891920405841e-01 -1.079309914492441180e+00 -9.999999999999999799e-13 9.999999999999999799e-13 8.699999999999999400e-02 1.908785071882404885e-02 1.396047634124158776e+00 -1.923976851742200123e-01 2.096319519678002674e-01 1.045997021100150803e+00
9.999999999999999799e-13 9.999999999999999799e-13 8.699999999999999400e-02 9.216120261512538159e-01 0.000000000000000000e+00 -1.219165186735278461e-01 9.889506015805538119e-01 -8.288303305660758014e-01 -9.999999999999999799e-13 9.999999999999999799e-13 8.699999999999999400e-02 -8.671377288214789092e-02 1.489472889669253064e+00 -2.041007343516136330e-01 1.051287143621131986e-01 1.177278136309165113e+00
9.999999999999999799e-13 9.999999999999999799e-13 8.699999999999999400e-02 1.043076675497941475e+00 -3.388902145875363203e-01 -1.126089859999584580e-01 8.904472656154719390e-01 -4.183873653778515944e-01 -9.999999999999999799e-13 9.999999999999999799e-13 8.544420462088311852e-02 -1.923099608117132264e-01 1.558255705140201286e+00 -2.087419771317759742e-01 -7.806079416681754694e-03 1.238701565466059584e+00
9.999999999999999799e-13 9.999999999999999799e-13 8.699999999999999400e-02 1.046999999999999931e+00 -1.052990413625174426e+00 -9.052890401174783219e-02 7.734484345623134915e-01 0.000000000000000000e+00 -9.999999999999999799e-13 9.999999999999999799e-13 7.865514085919390885e-02 -2.992527471668821604e-01 1.611051018802253765e+00 -2.118238385828961623e-01 -1.462216142882069581e-01 1.265684753260950757e+00
9.999999999999999799e-13 9.999999999999999799e-13 8.699999999999999400e-02 1.046999999999999931e+00 -1.482380057606232704e+00 -7.282804427104090650e-02 8.389684705734798964e-01 0.000000000000000000e+00 -9.999999999999999799e-13 9.999999999999999799e-13 7.638322728486725277e-02 -4.127031860626965143e-01 1.641124680721741669e+00 -2.138086045343625674e-01 -2.899970040915542113e-01 1.264971781635469306e+00
9.999999999999999799e-13 9.999999999999999799e-13 8.699999999999999400e-02 1.046999999999999931e+00 -1.820434860741619865e+00 -5.442433543998819595e-02 8.944439145590413753e-01 0.000000000000000000e+00 -9.999999999999999799e-13 9.999999999999999799e-13 7.737094785268645858e-02 -5.266637398864466579e-01 1.653737795607439054e+00 -2.136603315146052839e-01 -4.221179844364524314e-01 1.246789335665166476e+00
9.999999999999999799e-13 9.999999999999999799e-13 8.699999999999999400e-02 1.046999999999999931e+00 -2.104288998989281900e+00 -5.225816728139431877e-02 9.274898274245361174e-01 0.000000000000000000e+00 9.999999999999999799e-13 9.999999999999999799e-13 7.881983101954101456e-02 -6.364595413776051869e-01 1.646060141010284639e+00 -2.117700550374277402e-01 -5.333260271202617808e-01 1.217092760810360552e+00
9.999999999999999799e-13 9.999999999999999799e-13 8.699999999999999400e-02 1.046999999999999931e+00 -2.295685161886836578e+00 -6.645833329380784749e-02 9.356448053411523524e-01 0.000000000000000000e+00 9.999999999999999799e-13 9.999999999999999799e-13 8.150630434289825310e-02 -7.346631676185984006e-01 1.618174224614471690e+00 -2.084484107103500572e-01 -5.742006450105457960e-01 1.139337578155995345e+00
9.999999999999999799e-13 9.999999999999999799e-13 8.699999999999999400e-02 7.948767048445776195e-01 -2.355999999999999872e+00 -1.090441328215037281e-01 9.364984440688887135e-01 0.000000000000000000e+00 9.999999999999999799e-13 9.999999999999999799e-13 8.699999999999999400e-02 -7.850000000000000311e-01 1.576469571524410362e+00 -2.020249805370255280e-01 -5.191181875498044329e-01 1.009267071229688284e+00
-9.999999999999999799e-13 9.999999999999999799e-13 8.699999999999999400e-02 4.873011120560878928e-01 -2.355999999999999872e+00 -2.630233049174729998e-01 1.046999999999999931e+00 -8.403482404645572501e-01 9.999999999999999799e-13 9.999999999999999799e-13 8.699999999999999400e-02 -7.850000000000000311e-01 1.522133989386410313e+00 -2.054314644753557073e-01 -3.959394064109585387e-01 8.618823395290560185e-01
-9.999999999999999799e-13 9.999999999999999799e-13 8.699999999999999400e-02 2.313358713750415241e-01 -2.355999999999999872e+00 -3.700988373157694800e-01 1.046999999999999931e+00 -1.381455301408009539e+00 9.999999999999999799e-13 9.999999999999999799e-13 8.699999999999999400e-02 -7.850000000000000311e-01 1.451686761260221559e+00 -2.166407700975287176e-01 -2.801036930148715354e-01 8.141219348716752791e-01
-9.999999999999999799e-13 9.999999999999999799e-13 8.699999999999999400e-02 6.017532803471120628e-02 -2.301641963313215022e+00 -4.422789380959722960e-01 1.046999999999999931e+00 -1.794555427515424739e+00 9.999999999999999799e-13 9.999999999999999799e-13 8.699999999999999400e-02 -7.850000000000000311e-01 1.367952824834220316e+00 -2.239783185525825726e-01 -1.961377203807399550e-01 8.356159965263083578e-01
-9.999999999999999799e-13 9.999999999999999799e-13 8.699999999999999400e-02 -3.479457940531625187e-02 -2.198242679218515683e+00 -5.065910480120495718e-01 1.046999999999999931e+00 -2.116300041436393720e+00 9.999999999999999799e-13 9.999999999999999799e-13 8.699999999999999400e-02 -7.850000000000000311e-01 1.248470813100329480e+00 -2.316207891648300321e-01 -1.050716544645950712e-01 8.004687464774811190e-01
-9.999999999999999799e-13 9.999999999999999799e-13 8.699999999999999400e-02 -6.874414882737364674e-02 -2.086094862712692510e+00 -6.288010444883957994e-01 1.046999999999999931e+00 -2.286708796486151662e+00 9.999999999999999799e-13 9.999999999999999799e-13 8.699999999999999400e-02 -7.850000000000000311e-01 1.141024056536698694e+00 -2.323123299647450180e-01 -9.556469486763315146e-03 7.756612375604934329e-01
-9.999999999999999799e-13 9.999999999999999799e-13 8.699999999999999400e-02 -5.585779901479198672e-02 -1.986023067201754699e+00 -6.531579570374368426e-01 3.380431695110634460e-01 -2.355999999999999872e+00 9.999999999999999799e-13 9.999999999999999799e-13 8.699999999999999400e-02 -7.660862547966045266e-01 1.194962893901890588e+00 -2.264390595902513459e-01 8.409926146583997231e-02 7.434606587013110612e-01
-9.999999999999999799e-13 9.999999999999999799e-13 8.699999999999999400e-02 3.505239410960889288e-03 -1.914672469645883446e+00 -4.139178957323699781e-01 -2.738113884712118917e-01 -2.355999999999999872e+00 9.999999999999999799e-13 9.999999999999999799e-13 8.699999999999999400e-02 -6.966714918978683668e-01 1.266945352720512119e+00 -2.161628452369292186e-01 2.048591159395341255e-01 6.752339244624785408e-01
-9.999999999999999799e-13 9.999999999999999799e-13 8.699999999999999400e-02 1.357947758158374318e-01 -1.877789791349109727e+00 -2.467556948377867265e-01 -4.698956561394676545e-01 -2.355999999999999872e+00 9.999999999999999799e-13 9.999999999999999799e-13 8.699999999999999400e-02 -6.058843100820676675e-01 1.261617195140304126e+00 -2.067137120053705590e-01 3.830553553247809107e-01 4.976706957548371335e-01
-9.999999999999999799e-13 9.999999999999999799e-13 8.699999999999999400e-02 3.272505214241235305e-01 -1.818932880049944245e+00 -1.839643038030346067e-01 -5.171851257925813572e-01 -2.218821690047194650e+00 9.999999999999999799e-13 9.999999999999999799e-13 8.699999999999999400e-02 -4.663714753510517785e-01 1.218693971350929495e+00 -1.884427110373276815e-01 7.129567215300121052e-01 0.000000000000000000e+00
-9.999999999999999799e-13 9.999999999999999799e-13 8.699999999999999400e-02 5.463332044140335464e-01 -1.704472148589675662e+00 -1.499593373173397637e-01 -4.446979729435120432e-01 -2.133008473173911845e+00 9.999999999999999799e-13 9.999999999999999799e-13 8.699999999999999400e-02 -2.992402501045658969e-01 1.115926570794521844e+00 -1.629045727767544083e-01 7.764924036532681040e-01 0.000000000000000000e+00
-9.999999999999999799e-13 9.999999999999999799e-13 8.699999999999999400e-02 7.651790334662832427e-01 -1.710337722509023273e+00 -3.110219802319541538e-01 -3.562967668208826821e-01 -1.998034220308392506e+00 9.999999999999999799e-13 9.999999999999999799e-13 8.699999999999999400e-02 -1.068220601892499316e-01 9.643707762638467074e-01 -1.540775433423363927e-01 7.850000000000000311e-01 0.000000000000000000e+00
-9.999999999999999799e-13 -9.999999999999999799e-13 8.699999999999999400e-02 8.600428202763750196e-01 -1.575689347856783940e+00 -3.881757249664602449e-01 -2.631348674382424369e-01 -1.919481631105815822e+00 9.999999999999999799e-13 9.999999999999999799e-13 8.699999999999999400e-02 9.859309492376140682e-02 7.661683547369921854e-01 -1.432932762132786697e-01 7.850000000000000311e-01 0.000000000000000000e+00
-9.999999999999999799e-13 -9.999999999999999799e-13 8.699999999999999400e-02 9.671029124083719841e-01 -1.426243359724395532e+00 -8.909637014902679897e-02 -6.243107427386980317e-03 -1.941134244140157783e+00 9.999999999999999799e-13 9.999999999999999799e-13 8.699999999999999400e-02 3.103225946136650149e-01 5.261609552206945040e-01 -1.634836367810811597e-01 7.850000000000000311e-01 0.000000000000000000e+00
9.999999999999999799e-13 -9.999999999999999799e-13 8.699999999999999400e-02 1.019549537699239838e+00 -1.213890212094391075e+00 -9.577091591725411801e-02 1.825694342921047597e-01 -1.806100052711436810e+00 9.999999999999999799e-13 -9.999999999999999799e-13 8.699999999999999400e-02 5.280637658703332127e-01 2.448004949352533544e-01 -1.857430181535340008e-01 7.850000000000000311e-01 0.000000000000000000e+00
9.999999999999999799e-13 -9.999999999999999799e-13 8.699999999999999400e-02 1.019268690170453961e+00 -9.288433738877728274e-01 -1.064087591235551994e-01 3.497092313995665558e-01 -1.596443070596343716e+00 -9.999999999999999799e-13 -9.999999999999999799e-13 8.699999999999999400e-02 6.325754060190397210e-01 1.715486030221082814e-01 -1.651880803746901549e-01 7.035609067185023546e-01 3.990589221883826809e-01
9.999999999999999799e-13 -9.999999999999999799e-13 8.699999999999999400e-02 9.096700210331304381e-01 -4.519200006361190347e-01 -1.198708675279327590e-01 5.088074587373609958e-01 -1.466361763786441230e+00 -9.999999999999999799e-13 -9.999999999999999799e-13 8.699999999999999400e-02 5.648523272452569133e-01 4.102549099369472430e-01 -1.743786725727732578e-01 5.221488502177581426e-01 7.315661163542914736e-01
9.999999999999999799e-13 -9.999999999999999799e-13 8.699999999999999400e-02 7.951218516972758943e-01 0.000000000000000000e+00 -1.765047860564305238e-01 6.817440220282191543e-01 -1.423932017352695922e+00 -9.999999999999999799e-13 -9.999999999999999799e-13 8.141275279109763674e-02 4.716043082669367226e-01 6.512921145089789476e-01 -1.854898729076774333e-01 3.688847575363227160e-01 9.673667552211693277e-01
9.999999999999999799e-13 -9.999999999999999799e-13 8.699999999999999400e-02 8.771511444759785281e-01 0.000000000000000000e+00 -1.494554701118052387e-01 8.417027097809860470e-01 -1.352942673502244730e+00 -9.999999999999999799e-13 -9.999999999999999799e-13 6.195321950553926704e-02 3.767852357464888668e-01 8.936446286384693849e-01 -1.955627242573123870e-01 2.401618457501772386e-01 1.114964496594938126e+00
9.999999999999999799e-13 -9.999999999999999799e-13 8.699999999999999400e-02 9.422529391549848699e-01 0.000000000000000000e+00 -1.679568142422747101e-01 9.383956723180190140e-01 -1.199297442234156463e+00 -9.999999999999999799e-13 9.999999999999999799e-13 4.472508120949357513e-02 2.953121446555684870e-01 1.087643454707557744e+00 -2.079547238042026847e-01 1.165446738722494546e-01 1.199412074335173273e+00
9.999999999999999799e-13 -9.999999999999999799e-13 8.699999999999999400e-02 9.781031146472047855e-01 0.000000000000000000e+00 -1.549658826193658356e-01 9.796512306596684150e-01 -9.541658890584496788e-01 -9.999999999999999799e-13 9.999999999999999799e-13 2.819739718378154458e-02 1.938018058225030038e-01 1.262962905307009720e+00 -2.208462470723146498e-01 -1.292887575945944958e-02 1.244532000206985956e+00
9.999999999999999799e-13 -9.999999999999999799e-13 8.699999999999999400e-02 9.771971250605259174e-01 0.000000000000000000e+00 -1.450774019029313910e-01 9.330126053467759917e-01 -5.858377479662646437e-01 -9.999999999999999799e-13 9.999999999999999799e-13 1.590643893230985276e-02 6.144491116514946144e-02 1.431070553300419768e+00 -2.325642865014461713e-01 -1.522235601080317580e-01 1.265632478078192236e+00
9.999999999999999799e-13 -9.999999999999999799e-13 8.699999999999999400e-02 9.602874389607684025e-01 0.000000000000000000e+00 -1.259471469796699661e-01 7.639894511186381409e-01 0.000000000000000000e+00 -9.999999999999999799e-13 9.999999999999999799e-13 3.159669605569591366e-03 -7.212389635484794947e-02 1.577269480063170803e+00 -2.379424077807273386e-01 -2.851252576621208235e-01 1.267095573097129169e+00
9.999999999999999799e-13 -9.999999999999999799e-13 8.699999999999999400e-02 9.044570594520452422e-01 0.000000000000000000e+00 -9.796786768095083753e-02 8.507788301683267829e-01 0.000000000000000000e+00 -9.999999999999999799e-13 9.999999999999999799e-13 -1.803243239352017753e-03 -2.121786931986134050e-01 1.696254686007547363e+00 -2.387294805348373072e-01 -4.151843672543029107e-01 1.257927498574918701e+00
9.999999999999999799e-13 -9.999999999999999799e-13 8.699999999999999400e-02 1.046999999999999931e+00 -1.121557036758201065e+00 -8.501400161976284398e-02 9.150210637613717113e-01 0.000000000000000000e+00 9.999999999999999799e-13 9.999999999999999799e-13 -2.837727941433004428e-03 -3.590589529669250823e-01 1.773734399200969314e+00 -2.359043472102705097e-01 -5.277944227916466780e-01 1.234719551947529581e+00
9.999999999999999799e-13 -9.999999999999999799e-13 8.699999999999999400e-02 1.046999999999999931e+00 -1.631924539686641751e+00 -9.212969060123313292e-02 9.528463261399975348e-01 0.000000000000000000e+00 9.999999999999999799e-13 9.999999999999999799e-13 9.954968649020603556e-04 -5.171512419876370670e-01 1.817327008348962103e+00 -2.334716787269340010e-01 -6.010989708358022154e-01 1.183333641287363847e+00
-9.999999999999999799e-13 9.999999999999999799e-13 8.699999999999999400e-02 1.046999999999999931e+00 -2.027405410880199099e+00 -1.261542758728619318e-01 9.659982050953271893e-01 0.000000000000000000e+00 9.999999999999999799e-13 9.999999999999999799e-13 7.900046009446099263e-03 -6.769540685437070993e-01 1.823172254346712151e+00 -2.291965196310745967e-01 -5.880392742790790939e-01 1.063911595102814189e+00
-9.999999999999999799e-13 -9.999999999999999799e-13 8.699999999999999400e-02 1.046999999999999931e+00 -2.320431627759617754e+00 -2.723636935821614480e-01 1.046999999999999931e+00 -5.105524863664214763e-01 9.999999999999999799e-13 9.999999999999999799e-13 1.830534569278473994e-02 -7.850000000000000311e-01 1.782940559655292745e+00 -2.281063991724066597e-01 -4.882192774375906374e-01 8.992622227427711223e-01
-9.999999999999999799e-13 -9.999999999999999799e-13 8.699999999999999400e-02 7.278795425999723401e-01 -2.355999999999999872e+00 -4.423045599575968212e-01 1.046999999999999931e+00 -1.157294819353989368e+00 9.999999999999999799e-13 9.999999999999999799e-13 3.847950984076059511e-02 -7.850000000000000311e-01 1.703687976126116332e+00 -2.363174326738378128e-01 -3.522470544398388914e-01 8.140634545344012096e-01
-9.999999999999999799e-13 -9.999999999999999799e-13 8.699999999999999400e-02 2.834127414180894755e-01 -2.355999999999999872e+00 -5.567475319993231420e-01 1.046999999999999931e+00 -1.603593693713134094e+00 9.999999999999999799e-13 9.999999999999999799e-13 7.006564869401601947e-02 -7.850000000000000311e-01 1.592722871939399987e+00 -2.437959705273226307e-01 -2.245355010035798848e-01 8.294929520034823867e-01
-9.999999999999999799e-13 -9.999999999999999799e-13 8.699999999999999400e-02 -3.601879313972447538e-02 -2.355999999999999872e+00 -6.782312587724539377e-01 1.046999999999999931e+00 -1.919475194765714932e+00 9.999999999999999799e-13 9.999999999999999799e-13 8.699999999999999400e-02 -7.850000000000000311e-01 1.445775587355374370e+00 -2.463322572198580196e-01 -7.738561020607270802e-02 7.462057475207002355e-01
-9.999999999999999799e-13 -9.999999999999999799e-13 8.699999999999999400e-02 -2.079261119214072251e-01 -2.276612892565548663e+00 -7.850000000000000311e-01 1.046999999999999931e+00 -2.124272252383629933e+00 9.999999999999999799e-13 9.999999999999999799e-13 8.699999999999999400e-02 -7.850000000000000311e-01 1.226585733476611040e+00 -2.504508123745429748e-01 9.305553975366426256e-02 6.258096959732455389e-01
-9.999999999999999799e-13 -9.999999999999999799e-13 8.699999999999999400e-02 -3.086660906151072470e-01 -2.117630435582154469e+00 -7.850000000000000311e-01 7.670937011320297927e-01 -2.250954314208227558e+00 9.999999999999999799e-13 9.999999999999999799e-13 8.699999999999999400e-02 -7.850000000000000311e-01 1.037695067655462822e+00 -2.507055325544959024e-01 3.014188535994404283e-01 4.190337941751502981e-01
-9.999999999999999799e-13 -9.999999999999999799e-13 8.699999999999999400e-02 -3.362372562976849166e-01 -1.972456447214976372e+00 -4.863190829703458729e-01 -2.410898235474900619e-01 -2.355999999999999872e+00 9.999999999999999799e-13 9.999999999999999799e-13 8.699999999999999400e-02 -7.230348379259181613e-01 1.092893003149319142e+00 -2.424940385712374136e-01 6.109272842456687780e-01 0.000000000000000000e+00
-9.999999999999999799e-13 -9.999999999999999799e-13 8.699999999999999400e-02 -2.874607253051447153e-01 -1.881234983557625640e+00 -2.810495293132453942e-01 -5.295407419566482421e-01 -2.355999999999999872e+00 9.999999999999999799e-13 9.999999999999999799e-13 8.699999999999999400e-02 -6.160373161762562333e-01 1.157453349745217075e+00 -2.131688176672777157e-01 7.100887133673852158e-01 0.000000000000000000e+00
-9.999999999999999799e-13 -9.999999999999999799e-13 8.699999999999999400e-02 -1.654525654832973980e-01 -1.810433759904551465e+00 -2.216300986731792877e-01 -6.137760984719378143e-01 -2.213945399594255292e+00 9.999999999999999799e-13 9.999999999999999799e-13 8.699999999999999400e-02 -4.703969079992366686e-01 1.097444831712135027e+00 -1.906653976046777388e-01 7.850000000000000311e-01 0.000000000000000000e+00
-9.999999999999999799e-13 9.999999999999999799e-13 8.699999999999999400e-02 8.693747445194530479e-03 -1.717869866185278482e+00 -1.765648470925286484e-01 -5.728610719152357200e-01 -2.089190507611737857e+00 9.999999999999999799e-13 9.999999999999999799e-13 8.699999999999999400e-02 -2.748793252679633259e-01 9.915240934439575327e-01 -1.809115231046609651e-01 7.850000000000000311e-01 0.000000000000000000e+00
-9.999999999999999799e-13 -9.999999999999999799e-13 8.699999999999999400e-02 2.219757679349655122e-01 -1.610141884516766098e+00 -1.360913183451712416e-01 -4.806535566723730835e-01 -1.988608289231796888e+00 9.999999999999999799e-13 9.999999999999999799e-13 8.699999999999999400e-02 -5.192487851211916722e-02 8.092648160539033242e-01 -1.681789480926249303e-01 7.850000000000000311e-01 0.000000000000000000e+00
-9.999999999999999799e-13 -9.999999999999999799e-13 8.699999999999999400e-02 4.265442250976375083e-01 -1.454659655497176018e+00 -3.722146411791217857e-01 -4.840243516660223677e-01 -1.871331710651030100e+00 9.999999999999999799e-13 9.999999999999999799e-13 8.699999999999999400e-02 2.019977905495316250e-01 5.460368483591127031e-01 -1.785780478778943581e-01 7.850000000000000311e-01 0.000000000000000000e+00
9.999999999999999799e-13 -9.999999999999999799e-13 8.699999999999999400e-02 6.408270123550678932e-01 -1.475131469149153496e+00 8.699999999999999400e-02 -2.673706534520549072e-01 -1.949396148241970828e+00 9.999999999999999799e-13 9.999999999999999799e-13 8.699999999999999400e-02 5.447893551382252397e-01 7.595811300001642508e-02 -1.971988158825283832e-01 7.850000000000000311e-01 0.000000000000000000e+00
9.999999999999999799e-13 -9.999999999999999799e-13 8.699999999999999400e-02 8.038199914672008450e-01 -1.375829554813067013e+00 -6.076587792593977216e-02 -2.123742022253103517e-02 -1.837392715279867694e+00 9.999999999999999799e-13 -9.999999999999999799e-13 8.699999999999999400e-02 6.741156869292741494e-01 0.000000000000000000e+00 -2.191150881055950184e-01 7.850000000000000311e-01 0.000000000000000000e+00
9.999999999999999799e-13 -9.999999999999999799e-13 8.699999999999999400e-02 9.208941530440328815e-01 -1.211814469969456631e+00 -6.491947345435067351e-02 1.681512593006364298e-01 -1.713509189936917920e+00 -9.999999999999999799e-13 -9.999999999999999799e-13 7.812481754030410619e-02 7.625892325887385637e-01 0.000000000000000000e+00 -2.105107963954713224e-01 7.850000000000000311e-01 1.216580564509657236e-01
9.999999999999999799e-13 -9.999999999999999799e-13 8.699999999999999400e-02 9.722296297596726422e-01 -9.573783797672437146e-01 -7.429324950917930159e-02 3.169418832136443043e-01 -1.514388926025937998e+00 -9.999999999999999799e-13 -9.999999999999999799e-13 6.470309831806948797e-02 7.850000000000000311e-01 9.905178652200596900e-02 -1.557153678439375522e-01 6.213958102948243800e-01 7.061120246299772418e-01
9.999999999999999799e-13 -9.999999999999999799e-13 8.699999999999999400e-02 9.052011082138817777e-01 -5.107840031895873878e-01 -8.508167546338432641e-02 4.937720489032744742e-01 -1.437914469155620267e+00 -9.999999999999999799e-13 -9.999999999999999799e-13 4.673509476272892649e-02 6.467663028035373074e-01 5.263364034134561109e-01 -1.490366345145159033e-01 4.664995303792345283e-01 9.849881368291182326e-01
9.999999999999999799e-13 -9.999999999999999799e-13 8.699999999999999400e-02 7.828804873335899472e-01 0.000000000000000000e+00 -1.349322018638742238e-01 6.883287249399305807e-01 -1.418210962378007700e+00 -9.999999999999999799e-13 -9.999999999999999799e-13 3.165252601927436710e-02 5.421987545261164332e-01 8.241331929251334287e-01 -1.462435346803239722e-01 3.189757333265240691e-01 1.197846782177089509e+00
9.999999999999999799e-13 -9.999999999999999799e-13 8.699999999999999400e-02 8.773142050547332316e-01 0.000000000000000000e+00 -1.270601323459390752e-01 8.606656142914450580e-01 -1.328992430991593920e+00 -9.999999999999999799e-13 -9.999999999999999799e-13 2.101235663002508705e-02 4.237708828229523883e-01 1.071896524220774083e+00 -1.422665851919654723e-01 1.674574269212359967e-01 1.347099969829650412e+00
9.999999999999999799e-13 -9.999999999999999799e-13 8.699999999999999400e-02 9.514727658765489426e-01 0.000000000000000000e+00 -1.565289061160514694e-01 9.487525173479210983e-01 -1.121081052176864823e+00 -9.999999999999999799e-13 -9.999999999999999799e-13 -6.981705132089038868e-02 2.923176216458140408e-01 1.325250110447474761e+00 -1.361183966803524992e-01 1.058845855031514960e-02 1.441050308353446496e+00
9.999999999999999799e-13 -9.999999999999999799e-13 7.379041128619255596e-02 9.979499361963287685e-01 0.000000000000000000e+00 -1.551182026180310258e-01 9.570110004899248235e-01 -7.877569443510008540e-01 -9.999999999999999799e-13 9.999999999999999799e-13 -9.734612217135502066e-02 1.518765323190204852e-01 1.531729919082873259e+00 -1.299771886560395218e-01 -1.480777372705864292e-01 1.487420766019049267e+00
9.999999999999999799e-13 -9.999999999999999799e-13 8.699999999999999400e-02 1.004108947491121784e+00 0.000000000000000000e+00 -1.581525956523261722e-01 7.242234942465971548e-01 0.000000000000000000e+00 -9.999999999999999799e-13 9.999999999999999799e-13 -1.090226306928986366e-01 5.185651966915625147e-03 1.696691532307675665e+00 -1.218843340795514457e-01 -3.128759254557696434e-01 1.502602992909159774e+00
9.999999999999999799e-13 9.999999999999999799e-13 8.699999999999999400e-02 9.900973451888904764e-01 0.000000000000000000e+00 -1.318094199366472430e-01 8.324726649346139151e-01 0.000000000000000000e+00 -9.999999999999999799e-13 9.999999999999999799e-13 8.699999999999999400e-02 -1.635982928822189708e-01 1.760387777180763891e+00 -1.097287862183795037e-01 -4.708652542191436030e-01 1.488170446504890165e+00
9.999999999999999799e-13 9.999999999999999799e-13 8.699999999999999400e-02 9.350308601163821454e-01 0.000000000000000000e+00 -1.107476549311724873e-01 9.171379654377491697e-01 0.000000000000000000e+00 -9.999999999999999799e-13 9.999999999999999799e-13 -4.255603715296143660e-03 -3.436218740448544473e-01 1.867345278746585180e+00 -9.669785190184268520e-02 -6.109227023591530248e-01 1.446558738954204948e+00
9.999999999999999799e-13 9.999999999999999799e-13 8.699999999999999400e-02 1.046999999999999931e+00 -9.328739834610093595e-01 -1.043200415871119863e-01 9.780487161698843135e-01 0.000000000000000000e+00 9.999999999999999799e-13 9.999999999999999799e-13 5.026455432537751261e-03 -5.148632597780050668e-01 1.903320310119037906e+00 -8.520479691807590628e-02 -7.235414085307428911e-01 1.390987641063821556e+00
9.999999999999999799e-13 9.999999999999999799e-13 8.699999999999999400e-02 1.046999999999999931e+00 -1.489138944028801426e+00 -1.083628562670865825e-01 1.017578567391140609e+00 0.000000000000000000e+00 9.999999999999999799e-13 9.999999999999999799e-13 2.082919225077770053e-02 -6.890553196150771553e-01 1.901358833070313281e+00 -8.063359323029338499e-02 -7.813308471154545298e-01 1.319956548732145407e+00
9.999999999999999799e-13 9.999999999999999799e-13 8.699999999999999400e-02 1.046999999999999931e+00 -1.910728887312652446e+00 -1.404021934880796407e-01 1.027749788569031431e+00 0.000000000000000000e+00 9.999999999999999799e-13 9.999999999999999799e-13 4.422667828527321321e-02 -7.850000000000000311e-01 1.855120593891224523e+00 -7.889870354651820628e-02 -7.695546473161589685e-01 1.234036847051236840e+00
-9.999999999999999799e-13 9.999999999999999799e-13 8.699999999999999400e-02 1.046999999999999931e+00 -2.220036041344241262e+00 -1.912831711669496226e-01 1.043907632376976924e+00 0.000000000000000000e+00 9.999999999999999799e-13 9.999999999999999799e-13 7.660612371893979478e-02 -7.850000000000000311e-01 1.756892078790940559e+00 -9.125528993082734908e-02 -6.835602452206834823e-01 1.137283729279726430e+00
-9.999999999999999799e-13 9.999999999999999799e-13 8.699999999999999400e-02 1.004152784912452745e+00 -2.355999999999999872e+00 -4.387919081280843847e-01 1.046999999999999931e+00 -9.118122209887067342e-01 9.999999999999999799e-13 9.999999999999999799e-13 8.699999999999999400e-02 -7.850000000000000311e-01 1.630026295119813895e+00 -1.036801843631656311e-01 -5.131640232738879925e-01 9.817167637141164249e-01
-9.999999999999999799e-13 9.999999999999999799e-13 8.699999999999999400e-02 6.227037630059302220e-01 -2.355999999999999872e+00 -5.256700519860538767e-01 1.046999999999999931e+00 -1.448942380416244902e+00 9.999999999999999799e-13 9.999999999999999799e-13 8.699999999999999400e-02 -7.850000000000000311e-01 1.482862780747495002e+00 -1.348156342419139786e-01 -3.634858729875571903e-01 9.153968421960261281e-01
-9.999999999999999799e-13 9.999999999999999799e-13 8.699999999999999400e-02 2.911024318142708678e-01 -2.355999999999999872e+00 -5.171904137605896068e-01 1.046999999999999931e+00 -1.880795506199045342e+00 9.999999999999999799e-13 9.999999999999999799e-13 8.699999999999999400e-02 -7.850000000000000311e-01 1.313572761354406815e+00 -1.602428311333637667e-01 -2.089290030558102196e-01 9.064132170942080791e-01
-9.999999999999999799e-13 9.999999999999999799e-13 8.699999999999999400e-02 9.505879249901431904e-02 -2.280039498001738885e+00 -4.297239032354601140e-01 1.046999999999999931e+00 -2.259194579779895129e+00 9.999999999999999799e-13 9.999999999999999799e-13 8.699999999999999400e-02 -7.850000000000000311e-01 1.139970506622781876e+00 -1.884575883190848788e-01 -2.427018862429889193e-02 7.609659975981983848e-01
-9.999999999999999799e-13 9.999999999999999799e-13 8.699999999999999400e-02 -2.966943006186462811e-02 -2.094723079873971550e+00 -4.351338424247345738e-01 1.046999999999999931e+00 -2.355999999999999872e+00 9.999999999999999799e-13 9.999999999999999799e-13 8.699999999999999400e-02 -7.850000000000000311e-01 9.788666578357343440e-01 -2.084211420188214758e-01 1.848846391537687650e-01 5.807895954165012142e-01
-9.999999999999999799e-13 9.999999999999999799e-13 8.699999999999999400e-02 -7.596395535801728216e-02 -1.922823069174935284e+00 -3.334435457938264014e-01 2.607097247915332039e-01 -2.355999999999999872e+00 9.999999999999999799e-13 9.999999999999999799e-13 8.699999999999999400e-02 -7.412018466685521556e-01 9.767727021179375413e-01 -2.115442702409346121e-01 4.620070071003243295e-01 2.489056240933660291e-01
-9.999999999999999799e-13 9.999999999999999799e-13 8.699999999999999400e-02 -4.956392724971009356e-02 -1.809689507199254699e+00 -1.772414766103495021e-01 -1.797959036664582844e-01 -2.355999999999999872e+00 9.999999999999999799e-13 9.999999999999999799e-13 8.699999999999999400e-02 -6.626063550715823869e-01 1.104127869787508764e+00 -1.976527831960846193e-01 7.028502021690383739e-01 0.000000000000000000e+00
-9.999999999999999799e-13 9.999999999999999799e-13 8.699999999999999400e-02 5.773313202733365568e-02 -1.716231643922533578e+00 -1.039727567822899962e-01 -3.505679358272757451e-01 -2.241859565870274906e+00 9.999999999999999799e-13 9.999999999999999799e-13 8.699999999999999400e-02 -5.266792318228837866e-01 1.122228099698165948e+00 -1.763310217788091883e-01 7.850000000000000311e-01 0.000000000000000000e+00
-9.999999999999999799e-13 9.999999999999999799e-13 8.699999999999999400e-02 2.232103613743978698e-01 -1.608421924943503001e+00 -5.081717095837436915e-01 -6.477587797535874214e-01 -2.010286948630653825e+00 9.999999999999999799e-13 9.999999999999999799e-13 8.699999999999999400e-02 -3.342111692178828530e-01 1.049332825150536053e+00 -1.597836426104984053e-01 7.850000000000000311e-01 0.000000000000000000e+00
-9.999999999999999799e-13 9.999999999999999799e-13 8.699999999999999400e-02 4.099367224369275808e-01 -1.542154676975000527e+00 8.699999999999999400e-02 -3.516589342234013316e-01 -2.007281221844296581e+00 9.999999999999999799e-13 9.999999999999999799e-13 8.699999999999999400e-02 -1.121159699449247177e-01 9.117586406371120944e-01 -1.542451300389160174e-01 7.850000000000000311e-01 0.000000000000000000e+00
9.999999999999999799e-13 9.999999999999999799e-13 8.699999999999999400e-02 6.432673051414985466e-01 -1.559420730513400244e+00 -1.546453590240932374e-01 -2.499305165528120376e-01 -1.868224079607720967e+00 9.999999999999999799e-13 9.999999999999999799e-13 8.699999999999999400e-02 1.352316854160429960e-01 7.047505522007266876e-01 -1.753164129599204257e-01 7.850000000000000311e-01 0.000000000000000000e+00
9.999999999999999799e-13 -9.999999999999999799e-13 8.699999999999999400e-02 8.612113125099525313e-01 -1.496109277750008459e+00 -5.959333101173411307e-02 -1.111742601669375302e-01 -1.831849395167843397e+00 -9.999999999999999799e-13 -9.999999999999999799e-13 8.699999999999999400e-02 4.088235959801518327e-01 4.058774624204062320e-01 -2.038514280765365005e-01 7.850000000000000311e-01 0.000000000000000000e+00
9.999999999999999799e-13 -9.999999999999999799e-13 8.699999999999999400e-02 9.871412095395433184e-01 -1.301436803972055856e+00 3.927420852062506879e-02 5.943178799636118087e-02 -1.768082005251538469e+00 -9.999999999999999799e-13 -9.999999999999999799e-13 8.699999999999999400e-02 7.153542943306462343e-01 0.000000000000000000e+00 -2.329196312739486296e-01 7.850000000000000311e-01 0.000000000000000000e+00
9.999999999999999799e-13 -9.999999999999999799e-13 8.699999999999999400e-02 1.020348210403210887e+00 -9.960042365869927750e-01 3.598458613085742108e-02 2.269473573730828864e-01 -1.604725798933691827e+00 -9.999999999999999799e-13 -9.999999999999999799e-13 8.699999999999999400e-02 7.850000000000000311e-01 0.000000000000000000e+00 -1.294290197370151496e-01 7.798780574170648405e-01 5.991776275946314456e-01
9.999999999999999799e-13 -9.999999999999999799e-13 8.699999999999999400e-02 9.251360327853358489e-01 -5.040279838634038612e-01 2.004410148525604882e-02 3.727114377850314075e-01 -1.471267939468711816e+00 -9.999999999999999799e-13 -9.999999999999999799e-13 8.699999999999999400e-02 7.850000000000000311e-01 0.000000000000000000e+00 -1.207186956340721845e-01 6.206612344970514616e-01 9.181698621382050618e-01
9.999999999999999799e-13 -9.999999999999999799e-13 8.699999999999999400e-02 7.963614633606975746e-01 0.000000000000000000e+00 -5.869862952224712965e-02 5.464069638009078078e-01 -1.469060806074580228e+00 -9.999999999999999799e-13 -9.999999999999999799e-13 5.596422220292236738e-02 6.891282295962842808e-01 5.273656769024004376e-01 8.699999999999999400e-02 4.708643310270692606e-01 1.251060350471669302e+00
9.999999999999999799e-13 -9.999999999999999799e-13 8.699999999999999400e-02 8.828281149888258517e-01 0.000000000000000000e+00 -5.920878915512997609e-02 7.505015473634290002e-01 -1.415615339407811035e+00 -9.999999999999999799e-13 -9.999999999999999799e-13 3.659112780784840036e-02 5.911515602839844119e-01 8.229539585701814985e-01 -1.164438301008762916e-01 3.103053823828090807e-01 1.336700952290932776e+00
9.999999999999999799e-13 -9.999999999999999799e-13 8.699999999999999400e-02 9.519689752569217012e-01 0.000000000000000000e+00 -9.779771971605190350e-02 8.716965094688765570e-01 -1.263508062201951887e+00 -9.999999999999999799e-13 -9.999999999999999799e-13 -4.036224863654880313e-02 4.703676159207983432e-01 1.105775525126512449e+00 -1.209427111385811271e-01 1.368256104749903945e-01 1.453830270404122160e+00
9.999999999999999799e-13 -9.999999999999999799e-13 8.699999999999999400e-02 9.878239280516939447e-01 0.000000000000000000e+00 -1.009644812557335819e-01 9.423294806486022246e-01 -1.026050409981559497e+00 -9.999999999999999799e-13 -9.999999999999999799e-13 -8.874037172989046596e-02 3.536816974053668128e-01 1.343596290001548788e+00 -1.215710842211304710e-01 -5.149869267255898636e-02 1.528375941753653322e+00
9.999999999999999799e-13 -9.999999999999999799e-13 8.699999999999999400e-02 9.893581592038881434e-01 0.000000000000000000e+00 -1.063276223802130244e-01 9.204481784184060933e-01 -6.478398763180237552e-01 -9.999999999999999799e-13 9.999999999999999799e-13 -1.248395242533917593e-01 2.250583659157861793e-01 1.556059935134216587e+00 -1.230421217092441538e-01 -2.395262627087695884e-01 1.559115213253125631e+00
9.999999999999999799e-13 9.999999999999999799e-13 8.699999999999999400e-02 9.626000770257441275e-01 0.000000000000000000e+00 -9.979536304490164988e-02 7.430966764493555088e-01 0.000000000000000000e+00 -9.999999999999999799e-13 9.999999999999999799e-13 -1.410437169255117640e-01 7.117409599145063659e-02 1.734561526373054718e+00 -1.220395833798173513e-01 -4.162109314560984985e-01 1.546697193225704758e+00
9.999999999999999799e-13 9.999999999999999799e-13 8.699999999999999400e-02 1.043001344433377442e+00 -3.429972277895982913e-01 -8.120426672311539806e-02 8.419375933373168808e-01 0.000000000000000000e+00 -9.999999999999999799e-13 9.999999999999999799e-13 8.699999999999999400e-02 -1.300928655100221654e-01 1.808974071753640445e+00 -1.149480381612247026e-01 -5.672627935592262638e-01 1.501364332449639960e+00
9.999999999999999799e-13 9.999999999999999799e-13 8.699999999999999400e-02 1.046999999999999931e+00 -1.217655993978148388e+00 -7.113133877071073363e-02 9.180715903184941684e-01 0.000000000000000000e+00 9.999999999999999799e-13 9.999999999999999799e-13 8.699999999999999400e-02 -3.166391437162295319e-01 1.897246141858142998e+00 -1.033794486090724440e-01 -6.870694006431340428e-01 1.434293516205575436e+00
9.999999999999999799e-13 9.999999999999999799e-13 8.699999999999999400e-02 1.046999999999999931e+00 -1.687963847986133636e+00 -8.061416055191245045e-02 9.691705261488571255e-01 0.000000000000000000e+00 9.999999999999999799e-13 9.999999999999999799e-13 -4.300287721825447906e-04 -5.117125070253674135e-01 1.969863416214799656e+00 -9.334071664290716219e-02 -7.667169459885103677e-01 1.359354126128625495e+00
9.999999999999999799e-13 9.999999999999999799e-13 8.699999999999999400e-02 1.046999999999999931e+00 -2.053943900824164004e+00 -1.368685758897796034e-01 9.885379188256298022e-01 0.000000000000000000e+00 9.999999999999999799e-13 9.999999999999999799e-13 2.173964036374579842e-02 -7.047353524166156680e-01 1.971197266189816055e+00 -9.066413485340640843e-02 -7.850000000000000311e-01 1.304807373008758375e+00
-9.999999999999999799e-13 9.999999999999999799e-13 8.699999999999999400e-02 1.046999999999999931e+00 -2.319840263615637888e+00 -2.482524650480502915e-01 9.982871389772494108e-01 0.000000000000000000e+00 9.999999999999999799e-13 9.999999999999999799e-13 4.940777437032155273e-02 -7.850000000000000311e-01 1.919544178562326842e+00 -9.618034260495747501e-02 -7.562144475329335425e-01 1.214432893015336745e+00
-9.999999999999999799e-13 9.999999999999999799e-13 8.699999999999999400e-02 8.192736345969048317e-01 -2.355999999999999872e+00 -4.591228511393704026e-01 1.046999999999999931e+00 -8.975221737255072441e-01 9.999999999999999799e-13 9.999999999999999799e-13 8.629591452195328749e-02 -7.850000000000000311e-01 1.805198585044153425e+00 -1.111209222133671959e-01 -6.375059195634132925e-01 1.079835661374866085e+00
-9.999999999999999799e-13 -9.999999999999999799e-13 8.699999999999999400e-02 4.333535726040662062e-01 -2.355999999999999872e+00 -5.241594621822326383e-01 1.046999999999999931e+00 -1.416533797761336366e+00 9.999999999999999799e-13 9.999999999999999799e-13 8.699999999999999400e-02 -7.850000000000000311e-01 1.659758401068943456e+00 -1.258796927583115954e-01 -4.662323317747404383e-01 9.078124127474396232e-01
-9.999999999999999799e-13 -9.999999999999999799e-13 8.699999999999999400e-02 1.392075995758135232e-01 -2.355999999999999872e+00 -5.771559602999799532e-01 1.046999999999999931e+00 -1.795375578864103261e+00 9.999999999999999799e-13 9.999999999999999799e-13 8.699999999999999400e-02 -7.850000000000000311e-01 1.470500897134817464e+00 -1.580674054625260949e-01 -3.089270672764733439e-01 8.275040060116936047e-01
-9.999999999999999799e-13 -9.999999999999999799e-13 8.699999999999999400e-02 -4.412651912064095849e-02 -2.287115783868744145e+00 -5.890663130972924044e-01 1.046999999999999931e+00 -2.113612155263569825e+00 9.999999999999999799e-13 9.999999999999999799e-13 8.699999999999999400e-02 -7.850000000000000311e-01 1.260302287848087843e+00 -1.791593119795290290e-01 -1.590251112573012049e-01 8.215937608498826705e-01
-9.999999999999999799e-13 9.999999999999999799e-13 8.699999999999999400e-02 -1.299009621888403132e-01 -2.148042783503011144e+00 -6.130701357998482592e-01 1.046999999999999931e+00 -2.317612251088056574e+00 9.999999999999999799e-13 9.999999999999999799e-13 8.699999999999999400e-02 -7.850000000000000311e-01 1.035363404334360027e+00 -2.104836345774225848e-01 4.604413088045550967e-02 6.420479156537410859e-01
-9.999999999999999799e-13 9.999999999999999799e-13 8.699999999999999400e-02 -1.566114786728708963e-01 -2.004964818643799163e+00 -5.356375483851336661e-01 3.139410786338769355e-01 -2.355999999999999872e+00 9.999999999999999799e-13 9.999999999999999799e-13 8.699999999999999400e-02 -7.734672265515342149e-01 9.064446369231600187e-01 -2.292147380861622175e-01 2.829705284646119035e-01 4.177881822756059904e-01
-9.999999999999999799e-13 9.999999999999999799e-13 8.699999999999999400e-02 -1.790032049363963762e-01 -1.868536846325871359e+00 -3.019126518040844975e-01 -1.647961031560638001e-01 -2.355999999999999872e+00 9.999999999999999799e-13 9.999999999999999799e-13 8.699999999999999400e-02 -7.085699378493411915e-01 1.027248418906097527e+00 -2.270872002495915587e-01 6.103073432046922653e-01 0.000000000000000000e+00
-9.999999999999999799e-13 9.999999999999999799e-13 8.699999999999999400e-02 -1.058176730285243644e-01 -1.781842450200871397e+00 -1.714011516077359465e-01 -3.493930236584689708e-01 -2.287364671767364133e+00 9.999999999999999799e-13 9.999999999999999799e-13 8.699999999999999400e-02 -6.117390185988262896e-01 1.132700975239135488e+00 -2.074134761280919670e-01 7.196618033488162425e-01 0.000000000000000000e+00
-9.999999999999999799e-13 9.999999999999999799e-13 8.699999999999999400e-02 4.380710575473066581e-02 -1.694381180832225553e+00 -1.123542973043592241e-01 -4.329732661253203885e-01 -2.117066149733284774e+00 9.999999999999999799e-13 9.999999999999999799e-13 8.699999999999999400e-02 -4.532520574366189492e-01 1.100752626049326999e+00 -1.893181117463807739e-01 7.850000000000000311e-01 0.000000000000000000e+00
-9.999999999999999799e-13 9.999999999999999799e-13 8.699999999999999400e-02 2.338681402150062927e-01 -1.582397200888268962e+00 -4.354533075593795544e-01 -5.826521588067825608e-01 -1.941388535884613020e+00 9.999999999999999799e-13 9.999999999999999799e-13 8.699999999999999400e-02 -2.488926535028096465e-01 1.015912163680628311e+00 -1.859930561485564349e-01 7.850000000000000311e-01 0.000000000000000000e+00
-9.999999999999999799e-13 9.999999999999999799e-13 8.699999999999999400e-02 4.567709808527422588e-01 -1.554445561956945276e+00 -3.116166060092033785e-01 -3.941826077954023178e-01 -1.878251768171209868e+00 9.999999999999999799e-13 9.999999999999999799e-13 8.699999999999999400e-02 -1.133530190635188492e-02 8.447453598696323951e-01 -1.981123834649628213e-01 7.850000000000000311e-01 0.000000000000000000e+00
9.999999999999999799e-13 -9.999999999999999799e-13 8.699999999999999400e-02 6.718955383321943975e-01 -1.544440934678670274e+00 -9.693241911278310807e-02 -1.983261778175975376e-01 -1.852609233363608610e+00 9.999999999999999799e-13 9.999999999999999799e-13 8.699999999999999400e-02 2.494845679157805529e-01 5.999315294411404764e-01 -2.300179605540447758e-01 7.850000000000000311e-01 0.000000000000000000e+00
9.999999999999999799e-13 -9.999999999999999799e-13 8.699999999999999400e-02 8.767503126945981329e-01 -1.452438098902179675e+00 -6.790358221419273699e-02 -7.462279282817871340e-02 -1.808826007700147898e+00 -9.999999999999999799e-13 9.999999999999999799e-13 8.324551556825528220e-02 5.322212413767741790e-01 2.629756716855844445e-01 -2.682227374698278322e-01 7.850000000000000311e-01 0.000000000000000000e+00
9.999999999999999799e-13 -9.999999999999999799e-13 8.699999999999999400e-02 9.900322905636570470e-01 -1.245385379170802054e+00 4.676430577394285353e-04 9.714069151702726945e-02 -1.719551006865373211e+00 -9.999999999999999799e-13 -9.999999999999999799e-13 5.200533041544531249e-02 7.624119268593563259e-01 0.000000000000000000e+00 -3.022780684762290671e-01 7.850000000000000311e-01 0.000000000000000000e+00
9.999999999999999799e-13 -9.999999999999999799e-13 8.699999999999999400e-02 1.004457961031942403e+00 -9.109282303749166587e-01 -1.051128725430962481e-02 2.516959554324783022e-01 -1.502452705253737086e+00 -9.999999999999999799e-13 -9.999999999999999799e-13 3.253513533302185984e-02 7.850000000000000311e-01 0.000000000000000000e+00 -1.879430982619846591e-01 7.850000000000000311e-01 5.426176602929464465e-01
9.999999999999999799e-13 -9.999999999999999799e-13 8.699999999999999400e-02 8.365062626189500028e-01 -2.651925886723880410e-01 -7.640867477583154765e-02 4.160540115798728733e-01 -1.436140618038455941e+00 -9.999999999999999799e-13 -9.999999999999999799e-13 1.008574383364371253e-02 7.251302285969599692e-01 4.018796242536915031e-01 -1.744451319750494889e-01 6.157533239103666345e-01 8.676796883479838129e-01
9.999999999999999799e-13 -9.999999999999999799e-13 8.699999999999999400e-02 8.182411199324892692e-01 0.000000000000000000e+00 -1.321918434318769819e-01 5.846334874680115812e-01 -1.400215908784049113e+00 -9.999999999999999799e-13 -9.999999999999999799e-13 -4.949401279650821571e-03 6.564066801965148246e-01 6.730708411105670308e-01 -1.684762259623449610e-01 4.643099396389263056e-01 1.092724659939092291e+00
9.999999999999999799e-13 -9.999999999999999799e-13 4.861852688809168571e-02 9.033969569478876860e-01 0.000000000000000000e+00 -1.482667632921062795e-01 7.681962092003048470e-01 -1.310726945001730037e+00 -9.999999999999999799e-13 -9.999999999999999799e-13 -1.198195638742023672e-01 5.828221444656404016e-01 9.522954871085751449e-01 -1.667982990813013933e-01 3.101869946393968069e-01 1.239629071398141491e+00
9.999999999999999799e-13 -9.999999999999999799e-13 1.536207813160211412e-02 9.649894379514873943e-01 0.000000000000000000e+00 -1.812234132418341082e-01 8.724335697208235318e-01 -1.106366071578463561e+00 -9.999999999999999799e-13 -9.999999999999999799e-13 -1.497093123059046738e-01 4.894556277760139240e-01 1.179380151781391106e+00 -1.639160583201202392e-01 1.442486674654251677e-01 1.339875409025658826e+00
9.999999999999999799e-13 -9.999999999999999799e-13 1.823177241436600704e-02 9.823132603645641225e-01 0.000000000000000000e+00 -1.994207181512964444e-01 8.913124220526538188e-01 -7.780477323371055576e-01 -9.999999999999999799e-13 9.999999999999999799e-13 -1.812310969010627326e-01 3.902337991152799446e-01 1.385124690956574867e+00 -1.611397194960234869e-01 -3.280305375198678403e-02 1.398157917807514750e+00
9.999999999999999799e-13 -9.999999999999999799e-13 7.350614118580930945e-02 9.663971047598945985e-01 0.000000000000000000e+00 -2.029969178818683828e-01 6.658664642272730250e-01 0.000000000000000000e+00 -9.999999999999999799e-13 9.999999999999999799e-13 -1.955602682257516489e-01 2.658267262078500837e-01 1.576351636316615235e+00 -1.584547761712907787e-01 -2.122959822945266750e-01 1.423088525944163685e+00
9.999999999999999799e-13 -9.999999999999999799e-13 8.699999999999999400e-02 9.149746287216897755e-01 0.000000000000000000e+00 -1.810215477022288910e-01 7.817242694999610997e-01 0.000000000000000000e+00 -9.999999999999999799e-13 9.999999999999999799e-13 -1.900620694727836735e-01 1.129908536345784753e-01 1.735890898603928534e+00 -1.527531546068065516e-01 -3.766733416005244584e-01 1.406665937968181623e+00
9.999999999999999799e-13 -9.999999999999999799e-13 8.699999999999999400e-02 1.046999999999999931e+00 -7.373434250952364266e-01 -1.605840853744845420e-01 8.698480921906545094e-01 0.000000000000000000e+00 -9.999999999999999799e-13 9.999999999999999799e-13 -1.626097069449704002e-01 -6.899788182056733332e-02 1.855280001809391344e+00 -1.416489009109450359e-01 -5.234361984856262806e-01 1.364890502465049948e+00
9.999999999999999799e-13 9.999999999999999799e-13 8.699999999999999400e-02 1.046999999999999931e+00 -1.377676434958186036e+00 -1.492167553302804761e-01 9.407312297161224413e-01 0.000000000000000000e+00 9.999999999999999799e-13 9.999999999999999799e-13 -1.269843587978503885e-01 -2.685622742743296043e-01 1.939771918943667295e+00 -1.301132133017955106e-01 -6.442092049672950571e-01 1.308131420803375633e+00
9.999999999999999799e-13 9.999999999999999799e-13 8.699999999999999400e-02 1.046999999999999931e+00 -1.807269290077123003e+00 -1.666012774538520869e-01 9.894014227678462614e-01 0.000000000000000000e+00 9.999999999999999799e-13 9.999999999999999799e-13 -2.150465609366456875e-03 -4.855906448187818913e-01 1.952597785399307284e+00 -1.222751289266657548e-01 -7.256651303641669104e-01 1.241845065045938945e+00
-9.999999999999999799e-13 9.999999999999999799e-13 8.699999999999999400e-02 1.046999999999999931e+00 -2.139254634023833646e+00 -2.116463362975872509e-01 1.020532482520665418e+00 0.000000000000000000e+00 9.999999999999999799e-13 9.999999999999999799e-13 2.169733928733643541e-02 -6.741751838701075528e-01 1.950396768709354411e+00 -1.230352039690053856e-01 -7.464212277159976150e-01 1.164092002990495089e+00
-9.999999999999999799e-13 9.999999999999999799e-13 8.699999999999999400e-02 1.031028373861820002e+00 -2.355999999999999872e+00 -2.530932271084322949e-01 1.046999999999999931e+00 -4.034092092892551662e-01 9.999999999999999799e-13 9.999999999999999799e-13 5.245638265714490378e-02 -7.850000000000000311e-01 1.892975314066985604e+00 -1.289141669261605894e-01 -7.077621052382975231e-01 1.077016627785098990e+00
-9.999999999999999799e-13 9.999999999999999799e-13 8.699999999999999400e-02 6.500601446040364939e-01 -2.355999999999999872e+00 -5.748619128955511082e-01 1.046999999999999931e+00 -1.010745408260412148e+00 9.999999999999999799e-13 9.999999999999999799e-13 8.699999999999999400e-02 -7.850000000000000311e-01 1.781074450811466647e+00 -1.455437536973606949e-01 -5.859507380340365224e-01 9.403217998963180335e-01
-9.999999999999999799e-13 9.999999999999999799e-13 8.699999999999999400e-02 2.806500224677451749e-01 -2.355999999999999872e+00 -6.785764281588013702e-01 1.046999999999999931e+00 -1.472874132212767861e+00 9.999999999999999799e-13 9.999999999999999799e-13 8.699999999999999400e-02 -7.850000000000000311e-01 1.640779760769841999e+00 -1.612961098907995383e-01 -4.050569314474421478e-01 7.529659318052566164e-01
-9.999999999999999799e-13 9.999999999999999799e-13 8.699999999999999400e-02 5.058938839455064292e-03 -2.355999999999999872e+00 -7.089006673096869271e-01 1.046999999999999931e+00 -1.863159666988241092e+00 9.999999999999999799e-13 9.999999999999999799e-13 8.699999999999999400e-02 -7.850000000000000311e-01 1.463832663022667901e+00 -2.028368346085666074e-01 -2.750886357204058164e-01 7.541353035162021712e-01
-9.999999999999999799e-13 9.999999999999999799e-13 8.699999999999999400e-02 -1.508849514848366324e-01 -2.255721923084005098e+00 -7.089906906371387096e-01 1.046999999999999931e+00 -2.176222369539642543e+00 9.999999999999999799e-13 9.999999999999999799e-13 8.699999999999999400e-02 -7.850000000000000311e-01 1.244896365297528007e+00 -2.237935305062491442e-01 -1.190263425175509399e-01 7.249876634974707912e-01
-9.999999999999999799e-13 9.999999999999999799e-13 8.699999999999999400e-02 -1.914548933383929952e-01 -2.106403858281636232e+00 -7.655513568435435845e-01 1.046999999999999931e+00 -2.336297510768967189e+00 9.999999999999999799e-13 9.999999999999999799e-13 8.699999999999999400e-02 -7.850000000000000311e-01 1.009534248205769202e+00 -2.557904473825636793e-01 1.146103753305900974e-01 5.052645430348992051e-01
-9.999999999999999799e-13 9.999999999999999799e-13 8.699999999999999400e-02 -1.999841226685861173e-01 -1.961919140647527371e+00 -5.031974524755367106e-01 5.570935092774292885e-02 -2.355999999999999872e+00 9.999999999999999799e-13 9.999999999999999799e-13 8.699999999999999400e-02 -7.655829229524158119e-01 8.675193033484642768e-01 -2.718152112333216963e-01 4.980372996389941243e-01 0.000000000000000000e+00
-9.999999999999999799e-13 9.999999999999999799e-13 8.699999999999999400e-02 -1.888194155953868414e-01 -1.830267400134083289e+00 -2.595811817346636574e-01 -3.342255483460820353e-01 -2.355999999999999872e+00 9.999999999999999799e-13 9.999999999999999799e-13 8.699999999999999400e-02 -6.956449415600122199e-01 9.547850240712740799e-01 -2.574296975783926800e-01 6.099488087378297507e-01 0.000000000000000000e+00
-9.999999999999999799e-13 9.999999999999999799e-13 8.699999999999999400e-02 -1.053416203022761871e-01 -1.753732219824947869e+00 -1.578051706381089492e-01 -4.778958868510781999e-01 -2.265173533387021543e+00 9.999999999999999799e-13 9.999999999999999799e-13 8.699999999999999400e-02 -6.125797413114544288e-01 1.100230165039464580e+00 -2.323602784245282771e-01 7.229342664754803138e-01 0.000000000000000000e+00
-9.999999999999999799e-13 9.999999999999999799e-13 8.699999999999999400e-02 3.924780547531464547e-02 -1.678826313072770304e+00 -1.060504913041359354e-01 -5.193554823945164545e-01 -2.096037618552033521e+00 9.999999999999999799e-13 9.999999999999999799e-13 8.699999999999999400e-02 -4.598033393812543945e-01 1.081931799330620336e+00 -2.105952593408663420e-01 7.850000000000000311e-01 0.000000000000000000e+00
-9.999999999999999799e-13 9.999999999999999799e-13 8.699999999999999400e-02 2.076881961532123788e-01 -1.558688967365843503e+00 4.856397805311940541e-02 -4.952780827234372074e-01 -1.993783408136900803e+00 9.999999999999999799e-13 9.999999999999999799e-13 8.699999999999999400e-02 -2.596579633383029329e-01 1.003750010166115203e+00 -1.978537898581268495e-01 7.850000000000000311e-01 0.000000000000000000e+00
9.999999999999999799e-13 9.999999999999999799e-13 8.699999999999999400e-02 3.955028933182839768e-01 -1.504512854316818249e+00 -2.792818190162169589e-01 -4.426581236081408299e-01 -1.829392020882624870e+00 9.999999999999999799e-13 9.999999999999999799e-13 8.699999999999999400e-02 -2.748770736030829026e-02 8.431581894273838529e-01 -2.088207404047832949e-01 7.850000000000000311e-01 0.000000000000000000e+00
9.999999999999999799e-13 -9.999999999999999799e-13 8.699999999999999400e-02 5.997715365315949843e-01 -1.536812961605138028e+00 -1.162898308019122418e-01 -2.769332848566190552e-01 -1.812813316788177254e+00 -9.999999999999999799e-13 9.999999999999999799e-13 8.699999999999999400e-02 2.219178406930615577e-01 6.253364835455332837e-01 -2.356881496621570649e-01 7.850000000000000311e-01 0.000000000000000000e+00
9.999999999999999799e-13 -9.999999999999999799e-13 8.699999999999999400e-02 8.321756005643876630e-01 -1.499302677984553078e+00 -5.869866443304247450e-02 -1.173558762160083480e-01 -1.783411576226577644e+00 -9.999999999999999799e-13 9.999999999999999799e-13 8.699999999999999400e-02 4.970296029083121070e-01 3.127876162263358850e-01 -2.710473072268700934e-01 7.850000000000000311e-01 0.000000000000000000e+00
9.999999999999999799e-13 -9.999999999999999799e-13 8.699999999999999400e-02 9.787659033998659108e-01 -1.336571778347735773e+00 1.726403913483511715e-02 7.108148677367980006e-02 -1.703077244364050280e+00 -9.999999999999999799e-13 -9.999999999999999799e-13 7.721656140727486961e-02 7.566137216479631444e-01 0.000000000000000000e+00 -3.015121721215697215e-01 7.850000000000000311e-01 0.000000000000000000e+00
9.999999999999999799e-13 -9.999999999999999799e-13 8.699999999999999400e-02 1.033353557561756952e+00 -1.075005686037240338e+00 1.211994868271396388e-04 2.221793155571570311e-01 -1.490804862538866793e+00 -9.999999999999999799e-13 -9.999999999999999799e-13 6.141564256019477197e-02 7.850000000000000311e-01 0.000000000000000000e+00 -1.681372501600364167e-01 7.330361315204007022e-01 6.947864885026131532e-01
9.999999999999999799e-13 -9.999999999999999799e-13 8.699999999999999400e-02 9.785618930494970336e-01 -6.622554507500506560e-01 -5.102415605885289585e-02 3.807986002941753934e-01 -1.468528682562531884e+00 -9.999999999999999799e-13 -9.999999999999999799e-13 6.580216951648198975e-02 7.850000000000000311e-01 0.000000000000000000e+00 -1.515188932572097413e-01 5.840537256566750157e-01 9.787478790689405628e-01
9.999999999999999799e-13 -9.999999999999999799e-13 8.699999999999999400e-02 7.799646802508233279e-01 0.000000000000000000e+00 -1.118561970761676877e-01 5.044794832875471036e-01 -1.447556866697491174e+00 -9.999999999999999799e-13 -9.999999999999999799e-13 3.268328869858070501e-02 7.219345969502273253e-01 5.151317448963776968e-01 -1.438829140746503421e-01 4.299039485156794793e-01 1.184186618201155561e+00
9.999999999999999799e-13 -9.999999999999999799e-13 8.021943486983429406e-02 8.720100919817136420e-01 0.000000000000000000e+00 -1.323505063403364046e-01 6.892588287153298410e-01 -1.403200213205794356e+00 -9.999999999999999799e-13 9.999999999999999799e-13 2.492889071108988358e-02 6.228018949206924892e-01 7.878801375451587319e-01 -1.398500130494939875e-01 2.529519464041828369e-01 1.332952388314632586e+00
9.999999999999999799e-13 -9.999999999999999799e-13 4.253073800190879106e-02 9.405486858374905168e-01 0.000000000000000000e+00 -1.648671498064126495e-01 8.344496582010793029e-01 -1.274821986631367920e+00 -9.999999999999999799e-13 9.999999999999999799e-13 -6.272509266519776805e-02 5.083572872422322808e-01 1.057330056091720039e+00 -1.374279415353558687e-01 6.057518802853770895e-02 1.424602725681731741e+00
9.999999999999999799e-13 -9.999999999999999799e-13 2.697513830974499968e-02 9.675694620552631742e-01 0.000000000000000000e+00 -1.872352175251052742e-01 9.162894121194697927e-01 -1.056648161212657477e+00 -9.999999999999999799e-13 9.999999999999999799e-13 -1.064280620184614168e-01 3.937228418332691104e-01 1.280853635183641259e+00 -1.381148111784221144e-01 -1.333863308973543549e-01 1.456954961591048203e+00
9.999999999999999799e-13 -9.999999999999999799e-13 5.850640520306478465e-02 9.579099761914934286e-01 0.000000000000000000e+00 -1.924577896581466385e-01 9.278087457021390039e-01 -7.409627095994508750e-01 -9.999999999999999799e-13 9.999999999999999799e-13 -1.361832404439510258e-01 2.673819415539611111e-01 1.473396023104369235e+00 -1.365464710488667188e-01 -3.061038987123610444e-01 1.443634613832207592e+00
9.999999999999999799e-13 -9.999999999999999799e-13 8.699999999999999400e-02 9.187814437575475557e-01 0.000000000000000000e+00 -1.873400372938548164e-01 7.110255058023792207e-01 0.000000000000000000e+00 -9.999999999999999799e-13 9.999999999999999799e-13 -1.466895717886135542e-01 1.145955099463020072e-01 1.634427036780149223e+00 -1.330041680746928134e-01 -4.542424996601296949e-01 1.388489367483041192e+00
9.999999999999999799e-13 -9.999999999999999799e-13 8.699999999999999400e-02 1.046999999999999931e+00 -7.524371937010734257e-01 -1.633141907284136607e-01 8.117676522847792064e-01 0.000000000000000000e+00 9.999999999999999799e-13 9.999999999999999799e-13 -1.406317732738137649e-01 -6.307387646405721027e-02 1.759463219017625590e+00 -1.257590075911155791e-01 -5.688304868132918468e-01 1.305656262389033984e+00
9.999999999999999799e-13 -9.999999999999999799e-13 8.699999999999999400e-02 1.046999999999999931e+00 -1.380074660784366358e+00 -1.487561282974232124e-01 8.882035549859893520e-01 0.000000000000000000e+00 9.999999999999999799e-13 9.999999999999999799e-13 -2.198596545472508365e-02 -2.707311040538651348e-01 1.810156874415954853e+00 -1.209219705477031226e-01 -6.523443228716480080e-01 1.223096252600994305e+00
-9.999999999999999799e-13 -9.999999999999999799e-13 8.699999999999999400e-02 1.046999999999999931e+00 -1.820086641356049029e+00 -1.573199503277847022e-01 9.404103310458059584e-01 0.000000000000000000e+00 9.999999999999999799e-13 9.999999999999999799e-13 -1.030027257730134829e-02 -4.721982962314826282e-01 1.861767393516361224e+00 -1.185717138394767473e-01 -6.998736071343146792e-01 1.149324618037613099e+00
-9.999999999999999799e-13 9.999999999999999799e-13 8.699999999999999400e-02 1.046999999999999931e+00 -2.125183931446791519e+00 -1.881411718669449562e-01 9.668214738882808801e-01 0.000000000000000000e+00 9.999999999999999799e-13 9.999999999999999799e-13 1.318258131692991164e-02 -6.718144605285369941e-01 1.862639780383926080e+00 -1.202008848616373804e-01 -6.868695478991435621e-01 1.061881932598427447e+00
-9.999999999999999799e-13 9.999999999999999799e-13 8.699999999999999400e-02 9.747285337374597125e-01 -2.331885111992724635e+00 -3.725646922238838865e-01 1.046999999999999931e+00 -7.756162671656241514e-01 9.999999999999999799e-13 9.999999999999999799e-13 3.937308519326446210e-02 -7.850000000000000311e-01 1.811182362257523160e+00 -1.265908246388157965e-01 -6.227664338735494631e-01 9.643509901487012925e-01
-9.999999999999999799e-13 9.999999999999999799e-13 8.699999999999999400e-02 6.031411774104658008e-01 -2.355999999999999872e+00 -4.948071445081279607e-01 1.046999999999999931e+00 -1.311817293370411974e+00 9.999999999999999799e-13 9.999999999999999799e-13 7.084839960486928601e-02 -7.850000000000000311e-01 1.711663425535278726e+00 -1.355836235865215122e-01 -4.919799562551900873e-01 8.207799751110078645e-01
-9.999999999999999799e-13 9.999999999999999799e-13 8.699999999999999400e-02 2.377032242232041404e-01 -2.355999999999999872e+00 -5.729615886840299099e-01 1.046999999999999931e+00 -1.725459543699836118e+00 9.999999999999999799e-13 9.999999999999999799e-13 8.699999999999999400e-02 -7.850000000000000311e-01 1.574531233086700510e+00 -1.690214339983603653e-01 -4.057604509971572404e-01 8.449441754733069132e-01
-9.999999999999999799e-13 9.999999999999999799e-13 8.699999999999999400e-02 -1.246006556944012980e-02 -2.289073644657446671e+00 -5.807665652144539115e-01 1.046999999999999931e+00 -2.066109877851978638e+00 9.999999999999999799e-13 9.999999999999999799e-13 8.699999999999999400e-02 -7.850000000000000311e-01 1.385307663800918299e+00 -1.877850388226197931e-01 -2.820480934063568368e-01 8.860260542039792853e-01
-9.999999999999999799e-13 9.999999999999999799e-13 8.699999999999999400e-02 -1.438831104722095577e-01 -2.148279253892630081e+00 -5.447654486461884771e-01 1.046999999999999931e+00 -2.349310859237904836e+00 9.999999999999999799e-13 9.999999999999999799e-13 8.699999999999999400e-02 -7.850000000000000311e-01 1.138776575236191135e+00 -2.064218345525251075e-01 -1.117056601067044630e-01 8.013179465202959761e-01
-9.999999999999999799e-13 9.999999999999999799e-13 8.699999999999999400e-02 -1.805469874922735751e-01 -2.002779262923505499e+00 -6.484244440520516850e-01 8.735859025275891643e-01 -2.355999999999999872e+00 9.999999999999999799e-13 9.999999999999999799e-13 8.699999999999999400e-02 -7.850000000000000311e-01 9.525902349321420104e-01 -2.217072563599570834e-01 9.498578540795613034e-02 6.479090665839022378e-01
-9.999999999999999799e-13 9.999999999999999799e-13 8.699999999999999400e-02 -1.526557854491459032e-01 -1.877432725851841511e+00 -3.842832666985478984e-01 1.590819878598640283e-02 -2.355999999999999872e+00 9.999999999999999799e-13 9.999999999999999799e-13 8.699999999999999400e-02 -7.850000000000000311e-01 8.660137445417728230e-01 -2.229775511374282870e-01 3.209175720876015769e-01 4.346421351921172516e-01
-9.999999999999999799e-13 9.999999999999999799e-13 8.699999999999999400e-02 -7.949874284713576156e-02 -1.794046311070209399e+00 -2.080704246161937110e-01 -3.150822721021570572e-01 -2.355999999999999872e+00 9.999999999999999799e-13 9.999999999999999799e-13 8.699999999999999400e-02 -7.522421925209731297e-01 1.040059593035021379e+00 -2.038200145284329579e-01 5.220681032915387432e-01 2.703214322067282183e-01
-9.999999999999999799e-13 9.999999999999999799e-13 8.699999999999999400e-02 5.117523924950200670e-02 -1.720395121111793379e+00 -1.451856762135727286e-01 -4.520110535755457182e-01 -2.237193653725686460e+00 9.999999999999999799e-13 9.999999999999999799e-13 8.699999999999999400e-02 -6.756831976862081035e-01 1.176917143628918971e+00 -1.850588593845934327e-01 7.612105089187092277e-01 0.000000000000000000e+00
-9.999999999999999799e-13 9.999999999999999799e-13 8.699999999999999400e-02 2.071391029045086263e-01 -1.607743730103869062e+00 -1.137906906399847456e-01 -4.565922035034456483e-01 -2.090950379579764373e+00 9.999999999999999799e-13 9.999999999999999799e-13 8.699999999999999400e-02 -5.339518959620758176e-01 1.181687080339450802e+00 -1.644792959396412235e-01 7.850000000000000311e-01 0.000000000000000000e+00
-9.999999999999999799e-13 9.999999999999999799e-13 8.699999999999999400e-02 3.969687408544571583e-01 -1.609325407324572410e+00 -4.521619503861434297e-01 -5.911949566541947476e-01 -1.890556282149351119e+00 9.999999999999999799e-13 9.999999999999999799e-13 8.699999999999999400e-02 -3.518489938992413468e-01 1.137542235299118687e+00 -1.426477842491412906e-01 7.850000000000000311e-01 0.000000000000000000e+00
9.999999999999999799e-13 -9.999999999999999799e-13 8.699999999999999400e-02 5.704870928753118520e-01 -1.662658818918948178e+00 -3.551358719575674616e-01 -4.434584545596180760e-01 -1.823453037091634421e+00 9.999999999999999799e-13 9.999999999999999799e-13 8.699999999999999400e-02 -1.488772031191024636e-01 1.038257559692695509e+00 -1.635110914904447377e-01 7.850000000000000311e-01 0.000000000000000000e+00
9.999999999999999799e-13 -9.999999999999999799e-13 8.699999999999999400e-02 8.015163688892648075e-01 -1.662879624155796598e+00 -1.658159439588849648e-01 -2.167737188787024760e-01 -1.798619957942648284e+00 -9.999999999999999799e-13 9.999999999999999799e-13 8.699999999999999400e-02 7.238561069145478533e-02 8.804712604706779189e-01 -1.562684537888866798e-01 7.588688446785095687e-01 3.789439863944750186e-01
9.999999999999999799e-13 -9.999999999999999799e-13 8.699999999999999400e-02 9.945520716272161499e-01 -1.562829395528421372e+00 -2.367113818280416632e-03 -1.024430303481570215e-02 -1.760765145265261289e+00 -9.999999999999999799e-13 9.999999999999999799e-13 8.699999999999999400e-02 3.121802721464492225e-01 6.377338319970924374e-01 -1.540884575940101031e-01 6.596458694815158230e-01 6.863958262046736536e-01
9.999999999999999799e-13 -9.999999999999999799e-13 8.699999999999999400e-02 1.046999999999999931e+00 -1.341769358882114460e+00 -2.501955022474700377e-02 1.637651130127681098e-01 -1.580421319519976109e+00 -9.999999999999999799e-13 -9.999999999999999799e-13 8.195154799115680899e-02 6.055814926638763973e-01 2.433089045985807886e-01 -1.529641222178351467e-01 5.773344392202136577e-01 9.086490989797439966e-01
9.999999999999999799e-13 -9.999999999999999799e-13 8.699999999999999400e-02 1.046999999999999931e+00 -1.042898838722012833e+00 -5.036275189785058282e-02 3.095296637104409943e-01 -1.474859609193960530e+00 -9.999999999999999799e-13 -9.999999999999999799e-13 6.428751692369227833e-02 7.850000000000000311e-01 0.000000000000000000e+00 -1.592313970827899661e-01 4.836103786491684486e-01 1.084380970199870120e+00
9.999999999999999799e-13 -9.999999999999999799e-13 8.699999999999999400e-02 1.014541837703810900e+00 -6.351509516986144632e-01 -1.185097049562621324e-01 4.371607573509461719e-01 -1.486351213691587958e+00 -9.999999999999999799e-13 -9.999999999999999799e-13 4.221711083823157656e-02 7.567469634916753618e-01 2.130742649965728930e-01 -1.652015114212463665e-01 3.717958409692770916e-01 1.234906478910223981e+00
9.999999999999999799e-13 -9.999999999999999799e-13 8.699999999999999400e-02 8.083340496739392922e-01 0.000000000000000000e+00 -1.408924627137251862e-01 5.972014407417285398e-01 -1.455836652633055728e+00 -9.999999999999999799e-13 -9.999999999999999799e-13 2.575013113380871660e-02 6.592410787385563076e-01 5.130386452493480576e-01 -1.755767371075120653e-01 2.246084362961883185e-01 1.344477648685392879e+00
9.999999999999999799e-13 -9.999999999999999799e-13 8.209097286064807875e-02 8.802308376227436781e-01 0.000000000000000000e+00 -1.653273790386437514e-01 7.437898689570874300e-01 -1.377926329756383517e+00 -9.999999999999999799e-13 -9.999999999999999799e-13 8.787442511910395493e-03 5.813977225910000879e-01 7.548520736675357057e-01 -1.861784330480699412e-01 3.586105960349858512e-02 1.424583632940487732e+00
9.999999999999999799e-13 -9.999999999999999799e-13 6.138000039890550291e-02 9.176826824332370292e-01 0.000000000000000000e+00 -1.673843893346471101e-01 8.675302021494157856e-01 -1.255199985027763532e+00 -9.999999999999999799e-13 9.999999999999999799e-13 -2.912156988441310518e-03 4.891086594453378789e-01 9.690522669695340596e-01 -1.985629322335734637e-01 -1.520546382280432707e-01 1.435558749006573542e+00
9.999999999999999799e-13 -9.999999999999999799e-13 6.610032624690150016e-02 9.349916458162886856e-01 0.000000000000000000e+00 -1.728381230510592226e-01 9.385078741247879774e-01 -1.062603299526854173e+00 -9.999999999999999799e-13 9.999999999999999799e-13 8.699999999999999400e-02 3.958014540972332740e-01 1.136157944783146689e+00 -2.046329945872248368e-01 -3.163432601892539053e-01 1.397582059509840491e+00
9.999999999999999799e-13 -9.999999999999999799e-13 8.699999999999999400e-02 9.393519206630872587e-01 0.000000000000000000e+00 -1.661158279929078052e-01 9.522667664964131751e-01 -7.890640065080622989e-01 9.999999999999999799e-13 9.999999999999999799e-13 8.699999999999999400e-02 2.824642026261668937e-01 1.314766519751801255e+00 -2.020245218642848228e-01 -4.421304879276660160e-01 1.317526731172719678e+00
9.999999999999999799e-13 -9.999999999999999799e-13 8.699999999999999400e-02 9.356151339747041940e-01 -9.409720624406503475e-02 -1.571403191830507140e-01 8.523160346623942507e-01 -3.258578685171897860e-01 9.999999999999999799e-13 9.999999999999999799e-13 8.699999999999999400e-02 1.503337155461789698e-01 1.464842118860465447e+00 -1.948406017897058862e-01 -5.316576616784515208e-01 1.205746884034483379e+00
9.999999999999999799e-13 -9.999999999999999799e-13 8.699999999999999400e-02 1.046999999999999931e+00 -1.516296223329205439e+00 -1.385446447655072633e-01 7.892718707016498358e-01 0.000000000000000000e+00 9.999999999999999799e-13 9.999999999999999799e-13 8.699999999999999400e-02 -6.433853117957747531e-03 1.588950275037623427e+00 -1.877650279381637977e-01 -5.948852557480740488e-01 1.087324891362658974e+00
-9.999999999999999799e-13 -9.999999999999999799e-13 8.699999999999999400e-02 1.046999999999999931e+00 -1.779060031263192343e+00 -1.176626292851283562e-01 8.514176429853672623e-01 0.000000000000000000e+00 9.999999999999999799e-13 9.999999999999999799e-13 -3.245498327799471033e-02 -1.872765366838695378e-01 1.714857005649927046e+00 -1.832508504581698283e-01 -6.462024224125693106e-01 1.019188217958600262e+00
-9.999999999999999799e-13 -9.999999999999999799e-13 8.699999999999999400e-02 1.046999999999999931e+00 -1.996851668044979711e+00 -1.296913646987426783e-01 8.924412173500751999e-01 0.000000000000000000e+00 9.999999999999999799e-13 9.999999999999999799e-13 -2.051570422968845148e-02 -3.800229578207136583e-01 1.784927988089140882e+00 -1.770695395244548664e-01 -6.538546090239594211e-01 9.697357267592607855e-01
-9.999999999999999799e-13 -9.999999999999999799e-13 8.699999999999999400e-02 1.046999999999999931e+00 -2.284470018116390833e+00 -2.000262340410697004e-01 1.046999999999999931e+00 -5.190452509857701457e-01 9.999999999999999799e-13 9.999999999999999799e-13 1.093903475124028248e-03 -5.769840489890535329e-01 1.812145838078455640e+00 -1.709805997314503001e-01 -6.030976209726106596e-01 9.085354065233870458e-01
-9.999999999999999799e-13 9.999999999999999799e-13 8.699999999999999400e-02 7.557625900485712700e-01 -2.355999999999999872e+00 -3.233167822793731050e-01 1.046999999999999931e+00 -1.054147903245700846e+00 9.999999999999999799e-13 9.999999999999999799e-13 2.638126277896551269e-02 -7.533549487043204040e-01 1.790233953075420104e+00 -1.613193920657057245e-01 -4.759495727923220842e-01 7.876769485218586553e-01
-9.999999999999999799e-13 9.999999999999999799e-13 8.699999999999999400e-02 3.429561179455217212e-01 -2.355999999999999872e+00 -3.825931280494373476e-01 1.046999999999999931e+00 -1.528515736683798032e+00 9.999999999999999799e-13 9.999999999999999799e-13 6.094810002508232322e-02 -7.850000000000000311e-01 1.715925832674919604e+00 -1.914108962609601117e-01 -3.829248137343257419e-01 7.631922085899889296e-01
-9.999999999999999799e-13 9.999999999999999799e-13 8.699999999999999400e-02 7.567152414662113580e-02 -2.355999999999999872e+00 -4.110480387553008819e-01 1.046999999999999931e+00 -1.916348281630277484e+00 9.999999999999999799e-13 9.999999999999999799e-13 8.699999999999999400e-02 -7.850000000000000311e-01 1.586617264359130530e+00 -2.148566372560223037e-01 -2.822230067835348466e-01 8.117730978262329700e-01
-9.999999999999999799e-13 9.999999999999999799e-13 8.699999999999999400e-02 -5.534403695504460513e-02 -2.210584841641566989e+00 -3.723836201853385486e-01 1.046999999999999931e+00 -2.245877036170692342e+00 9.999999999999999799e-13 9.999999999999999799e-13 8.699999999999999400e-02 -7.850000000000000311e-01 1.392602122804106557e+00 -2.353082684636822186e-01 -1.451363698402253488e-01 7.634266141230980907e-01
-9.999999999999999799e-13 9.999999999999999799e-13 8.699999999999999400e-02 -7.710378492354150182e-02 -2.048900942684773518e+00 -4.147563802871391814e-01 1.046999999999999931e+00 -2.355999999999999872e+00 9.999999999999999799e-13 9.999999999999999799e-13 8.699999999999999400e-02 -7.850000000000000311e-01 1.139704953012273592e+00 -2.471716528174655314e-01 3.692599284353604433e-02 6.413332518518259917e-01
-9.999999999999999799e-13 9.999999999999999799e-13 8.699999999999999400e-02 -2.980620172680961688e-02 -1.903829674495423951e+00 -4.327172467595712391e-01 5.404411154637280834e-01 -2.355999999999999872e+00 9.999999999999999799e-13 9.999999999999999799e-13 8.699999999999999400e-02 -7.850000000000000311e-01 1.008278132391984272e+00 -2.547517628131759082e-01 2.583458606851870010e-01 4.394945858991325949e-01
-9.999999999999999799e-13 9.999999999999999799e-13 8.699999999999999400e-02 6.053415171934825589e-02 -1.785596293728078265e+00 -2.630249405838996357e-01 3.908822708895375031e-02 -2.355999999999999872e+00 9.999999999999999799e-13 9.999999999999999799e-13 8.699999999999999400e-02 -7.632276114580363036e-01 9.616599962800957968e-01 -2.495797368996603982e-01 5.236335875119255689e-01 1.374944678661638164e-01
-9.999999999999999799e-13 9.999999999999999799e-13 8.699999999999999400e-02 1.815674456084952482e-01 -1.678362467251503176e+00 -1.521895081579684450e-01 -1.468686314869702969e-01 -2.355999999999999872e+00 9.999999999999999799e-13 9.999999999999999799e-13 8.699999999999999400e-02 -7.098048001602212942e-01 1.086646328397681494e+00 -2.250917827805170579e-01 6.973261040971890923e-01 0.000000000000000000e+00
-9.999999999999999799e-13 9.999999999999999799e-13 8.699999999999999400e-02 3.150684406455592779e-01 -1.577450435216166014e+00 -1.137052374416432227e-01 -2.187292720438429039e-01 -2.222946128345681949e+00 9.999999999999999799e-13 9.999999999999999799e-13 8.699999999999999400e-02 -6.345613927830271450e-01 1.199859014536555080e+00 -2.076336924688171048e-01 7.850000000000000311e-01 0.000000000000000000e+00
-9.999999999999999799e-13 9.999999999999999799e-13 8.699999999999999400e-02 4.894849253692721280e-01 -1.690477779683497772e+00 -3.304322163885195507e-01 -2.760760278094798181e-01 -2.024398893899792995e+00 9.999999999999999799e-13 9.999999999999999799e-13 8.699999999999999400e-02 -5.072241541415082322e-01 1.228393810211118264e+00 -1.929117734144952523e-01 7.850000000000000311e-01 0.000000000000000000e+00
9.999999999999999799e-13 -9.999999999999999799e-13 8.699999999999999400e-02 6.278597790617675978e-01 -1.752289626648006582e+00 -2.601041447316571609e-01 -1.885309034622579538e-01 -1.898206807900702842e+00 9.999999999999999799e-13 9.999999999999999799e-13 8.699999999999999400e-02 -3.519544515344284474e-01 1.200412432622540493e+00 -1.853638067629563568e-01 7.850000000000000311e-01 0.000000000000000000e+00
9.999999999999999799e-13 -9.999999999999999799e-13 8.699999999999999400e-02 7.824235215493072770e-01 -1.768963525749833288e+00 -5.474905242753293905e-02 -6.266509604939676792e-02 -1.820882677844338993e+00 -9.999999999999999799e-13 9.999999999999999799e-13 8.699999999999999400e-02 -1.695680316055254155e-01 1.110926233990362277e+00 -1.821416712127875148e-01 7.850000000000000311e-01 1.635223716570735064e-01
9.999999999999999799e-13 -9.999999999999999799e-13 8.699999999999999400e-02 9.592349801023267730e-01 -1.739182474626934649e+00 -4.030081036506361764e-03 7.410045961967845485e-02 -1.672576635703720171e+00 -9.999999999999999799e-13 9.999999999999999799e-13 8.699999999999999400e-02 1.816317410208472677e-02 9.803865554762056789e-01 -1.559753079764757411e-01 6.257681803617779481e-01 6.591905753832998371e-01
9.999999999999999799e-13 9.999999999999999799e-13 8.699999999999999400e-02 5.812483763572992013e-01 -2.084464105513574417e+00 -2.053875046964835360e-01 9.832572188703370131e-01 0.000000000000000000e+00 9.999999999999999799e-13 -9.999999999999999799e-13 8.699999999999999400e-02 -4.862844776239591549e-01 1.143632700132798163e+00 -1.647542246760705653e-01 -6.546503210269305484e-01 1.498032176107617630e+00
