-4.707667298917433268e-02 9.999999999999999799e-13 8.699999999999999400e-02 6.757408184582731625e-01 -1.625461197078852393e+00 -3.513965947785929744e-02 1.046999999999999931e+00 -4.155530352191014742e-01 5.796728653138082110e-02 -9.999999999999999799e-13 8.699999999999999400e-02 7.219314811626994510e-01 0.000000000000000000e+00 -1.495633444688407032e-01 -6.728394131488754093e-01 1.047856003623071963e+00
-6.149714770868106722e-02 9.999999999999999799e-13 8.699999999999999400e-02 8.255421629035334385e-01 -1.662133012851356284e+00 -1.307004394540404735e-01 1.046999999999999931e+00 -9.477430137338149763e-01 6.005713444843109594e-02 -9.999999999999999799e-13 8.699999999999999400e-02 4.714122559510947608e-01 4.553022563399000688e-01 -1.347195914485501411e-01 -6.263020256478497583e-01 1.063369249043043752e+00
-8.109671383980043835e-02 9.999999999999999799e-13 8.699999999999999400e-02 9.821672148878218822e-01 -1.687091246703806391e+00 -2.089290120644206605e-01 1.046999999999999931e+00 -1.326786782829939781e+00 6.302742306568517860e-02 9.999999999999999799e-13 8.699999999999999400e-02 2.636538827118331541e-01 7.960608842492202797e-01 -1.406092785488859964e-01 -5.735636415163150037e-01 1.127422744669244636e+00
-9.297341264126531002e-02 9.999999999999999799e-13 8.699999999999999400e-02 1.046999999999999931e+00 -1.694586242459848791e+00 -2.688660181018230899e-01 1.046999999999999931e+00 -1.649722152742130632e+00 6.500408685270847586e-02 9.999999999999999799e-13 8.699999999999999400e-02 7.635532690423663116e-02 1.068480251225860655e+00 -1.475613921906331338e-01 -5.256767086028021341e-01 1.162261902395019142e+00
-9.658286717919833952e-02 9.999999999999999799e-13 8.699999999999999400e-02 1.046999999999999931e+00 -1.673664737193130136e+00 -3.072704745339516763e-01 1.046999999999999931e+00 -1.916589786367371318e+00 6.577405707418927661e-02 9.999999999999999799e-13 8.699999999999999400e-02 -1.142808906175141748e-01 1.302757557426947876e+00 -1.463329773860003735e-01 -4.669059999463935906e-01 1.191189151107211686e+00
-1.042657276183959897e-01 9.999999999999999799e-13 8.699999999999999400e-02 1.046999999999999931e+00 -1.606430202878588176e+00 -3.590513880092174315e-01 1.046999999999999931e+00 -2.077408842275800360e+00 6.727693347931922030e-02 9.999999999999999799e-13 8.699999999999999400e-02 -2.919280237083929364e-01 1.470172980106097427e+00 -1.284025166166787579e-01 -3.889907805251977546e-01 1.196359982256386623e+00
-1.074336924671246557e-01 -9.999999999999999799e-13 8.699999999999999400e-02 1.046999999999999931e+00 -1.503752004915388518e+00 -4.527423557846363411e-01 1.046999999999999931e+00 -2.092513325468535079e+00 6.840291784763626037e-02 9.999999999999999799e-13 8.699999999999999400e-02 -4.600258591606365965e-01 1.594454645315397379e+00 -1.064810517213819752e-01 -3.029033556429389651e-01 1.179362235007840098e+00
-1.142261494732475929e-01 -9.999999999999999799e-13 8.699999999999999400e-02 1.046999999999999931e+00 -1.365723716097651419e+00 -5.478267323598472460e-01 7.353482003626411467e-01 -1.990440393262310259e+00 7.089750401413612291e-02 9.999999999999999799e-13 8.699999999999999400e-02 -6.119285371624679781e-01 1.659722457373302262e+00 -8.385125524252039220e-02 -2.061407035672762622e-01 1.133307721105171417e+00
-1.142744207586059435e-01 -9.999999999999999799e-13 8.699999999999999400e-02 1.046999999999999931e+00 -1.177871661355594846e+00 -5.242507419412998360e-01 4.706775964059411455e-01 -1.882221451866509909e+00 7.223183595840072801e-02 9.999999999999999799e-13 8.699999999999999400e-02 -7.251199312893740201e-01 1.655633480236481603e+00 -5.822473670325115092e-02 -9.143137075817046877e-02 1.047423237727879375e+00
-1.047082009031480299e-01 -9.999999999999999799e-13 8.699999999999999400e-02 1.046999999999999931e+00 -9.097493886658591933e-01 -4.829988632190971298e-01 3.571767331813389124e-01 -1.716400677575986577e+00 7.108850516047349188e-02 9.999999999999999799e-13 8.699999999999999400e-02 -7.850000000000000311e-01 1.587299366448901239e+00 -2.879226796928983576e-02 4.483571854072364304e-02 9.222860025829362485e-01
-8.112305598280909746e-02 -9.999999999999999799e-13 8.699999999999999400e-02 1.046999999999999931e+00 -5.174203337977081318e-01 -4.780783093379392112e-01 2.722365439303343071e-01 -1.602094598060322284e+00 6.648584941887780708e-02 9.999999999999999799e-13 8.699999999999999400e-02 -7.850000000000000311e-01 1.482496108118015243e+00 1.346235482912807712e-03 1.994411444931999400e-01 7.590602121233107624e-01
-5.736409412654518147e-02 -9.999999999999999799e-13 8.699999999999999400e-02 9.311556793923455588e-01 0.000000000000000000e+00 -5.138720554262846685e-01 2.110824270886714205e-01 -1.469491146401564308e+00 6.150459641015616763e-02 9.999999999999999799e-13 8.699999999999999400e-02 -7.850000000000000311e-01 1.361651746678067987e+00 2.453506444928533689e-02 3.689118636956978947e-01 5.524240325699434351e-01
-3.708564106149014189e-02 -9.999999999999999799e-13 8.699999999999999400e-02 9.482543314449645155e-01 0.000000000000000000e+00 -4.228116839577185093e-01 2.757251736381785001e-01 -1.449656889498729839e+00 5.717995513556252407e-02 9.999999999999999799e-13 8.262106535590608980e-02 -7.850000000000000311e-01 1.253105449564733576e+00 2.779702116554664745e-02 5.414849390727659584e-01 3.167525543222424744e-01
-2.686251585824125238e-02 -9.999999999999999799e-13 8.699999999999999400e-02 9.528857017229550586e-01 0.000000000000000000e+00 -3.454185498866689241e-01 4.100025833427681787e-01 -1.457699272677265512e+00 5.488731575754301345e-02 9.999999999999999799e-13 6.997780151601713794e-02 -7.850000000000000311e-01 1.178811051581931224e+00 1.541769678573792768e-02 7.398042692700284029e-01 0.000000000000000000e+00
-2.270652320924143250e-02 -9.999999999999999799e-13 8.699999999999999400e-02 9.250004611422293355e-01 0.000000000000000000e+00 -3.266577092303717400e-01 4.969739549164277626e-01 -1.424599339857636870e+00 5.376381120991029217e-02 9.999999999999999799e-13 5.890511205653722188e-02 -7.850000000000000311e-01 1.144145775748865113e+00 -4.199442952947533662e-03 7.601033714775952133e-01 0.000000000000000000e+00
-3.045651626462358985e-02 -9.999999999999999799e-13 8.699999999999999400e-02 9.797556434025525007e-01 -1.448351211837675123e-01 -3.263259792401565496e-01 6.246457761986464741e-01 -1.415574591550477379e+00 5.483924725024746233e-02 9.999999999999999799e-13 4.626241086985705825e-02 -7.850000000000000311e-01 1.135310584791199062e+00 -3.098787188041490434e-02 7.686133326554249745e-01 0.000000000000000000e+00
-4.994553573105620092e-02 -9.999999999999999799e-13 8.699999999999999400e-02 1.046999999999999931e+00 -8.585581680797140791e-01 -2.970559504405151374e-01 7.755075454829849502e-01 -1.455488812689866407e+00 5.790673623279096738e-02 9.999999999999999799e-13 3.643774654354337700e-02 -7.850000000000000311e-01 1.134334708768631295e+00 -6.474161180201383481e-02 6.908621422785222732e-01 1.370705345533611563e-01
-7.255392754895195750e-02 -9.999999999999999799e-13 8.699999999999999400e-02 1.046999999999999931e+00 -1.288283959449895377e+00 -2.687950688713389158e-01 9.350257734207890747e-01 -1.490855159888959669e+00 6.165478967507960484e-02 9.999999999999999799e-13 5.158070624139136917e-02 -7.473421099455185290e-01 1.182209592897017991e+00 -9.132567669047465808e-02 4.856174069679217720e-01 5.063982581700336993e-01
-9.145534076220721009e-02 -9.999999999999999799e-13 8.699999999999999400e-02 1.046999999999999931e+00 -1.639287052386391608e+00 -2.790696931841686879e-01 1.046999999999999931e+00 -1.493052527395203555e+00 6.496903977236281880e-02 9.999999999999999799e-13 7.247828063741992843e-02 -6.970018194325187100e-01 1.236144332873761797e+00 -1.135927443741854975e-01 3.212385160683110530e-01 7.651898106261745269e-01
-9.739842803218375089e-02 -9.999999999999999799e-13 8.699999999999999400e-02 1.046999999999999931e+00 -1.950356276337510408e+00 -2.973004272319700880e-01 1.046999999999999931e+00 -1.472561606703699510e+00 6.608900953767021802e-02 9.999999999999999799e-13 8.699999999999999400e-02 -6.453901451284399515e-01 1.270206501640784857e+00 -1.362628010811575696e-01 1.711142491311879177e-01 9.723337221823387111e-01
-9.402240924595382798e-02 9.999999999999999799e-13 8.699999999999999400e-02 1.046999999999999931e+00 -2.190118382625856341e+00 -3.030087927730126252e-01 1.046999999999999931e+00 -1.446456507992864182e+00 6.546193342078951427e-02 9.999999999999999799e-13 8.699999999999999400e-02 -5.831843794042497198e-01 1.296810262200907005e+00 -1.643909515109583108e-01 2.627944441912630213e-02 1.143237084132810111e+00
-8.466926744992755993e-02 9.999999999999999799e-13 8.699999999999999400e-02 8.765812136368338336e-01 -2.301466232546381274e+00 -2.913857388384213931e-01 1.046999999999999931e+00 -1.395446995521812283e+00 6.390264074761989321e-02 9.999999999999999799e-13 8.699999999999999400e-02 -5.005369095560479042e-01 1.294606649995166947e+00 -1.943592499663677198e-01 -1.135122805795079487e-01 1.275264666865934871e+00
-7.314486393931292352e-02 9.999999999999999799e-13 8.699999999999999400e-02 5.088101352583713766e-01 -2.284624658679927478e+00 -2.745058112731457722e-01 1.046999999999999931e+00 -1.298251429510012933e+00 6.193574499471383304e-02 -9.999999999999999799e-13 8.699999999999999400e-02 -3.968956929241944098e-01 1.254735518114492798e+00 -2.255096124220658804e-01 -2.426874916578485586e-01 1.359197190465067706e+00
-5.251554522967233352e-02 9.999999999999999799e-13 8.699999999999999400e-02 2.329562739410198369e-01 -2.188110674084827956e+00 -2.434736286871044264e-01 1.046999999999999931e+00 -1.174120805036346304e+00 5.863585153280839735e-02 -9.999999999999999799e-13 8.699999999999999400e-02 -2.869018790410879927e-01 1.192312845459945869e+00 -2.571292550587659931e-01 -3.535555129686667186e-01 1.390796310441782424e+00
-2.260024577717683822e-02 9.999999999999999799e-13 8.699999999999999400e-02 6.283756194304793152e-02 -2.066834630469099210e+00 -2.001276542322622254e-01 1.046999999999999931e+00 -1.021291713803169188e+00 5.367995902617510307e-02 -9.999999999999999799e-13 8.699999999999999400e-02 -1.580012573571267787e-01 1.095588328001180223e+00 -2.874775126932922475e-01 -4.409593607200226750e-01 1.370290861781921166e+00
8.638936934898849146e-03 9.999999999999999799e-13 8.699999999999999400e-02 -1.746737137801255418e-02 -1.958569615736633018e+00 -1.522210280410018768e-01 1.046999999999999931e+00 -7.983005888841390174e-01 4.802654492061306929e-02 -9.999999999999999799e-13 8.699999999999999400e-02 -1.541270713241498815e-02 9.636588201506430806e-01 -3.130307007933945118e-01 -4.938770077758090626e-01 1.299137318799548524e+00
4.648608898772487591e-02 9.999999999999999799e-13 8.699999999999999400e-02 -3.862715583322193225e-02 -1.822377863447618651e+00 -9.801385400252712876e-02 1.046999999999999931e+00 -4.979291246453634301e-01 4.068527480911648259e-02 -9.999999999999999799e-13 8.699999999999999400e-02 1.350779908981288580e-01 7.988215870380699357e-01 -3.304883018801010319e-01 -5.191110207851199476e-01 1.193880429013642441e+00
8.838183911375648016e-02 9.999999999999999799e-13 8.699999999999999400e-02 1.845302947159201817e-02 -1.758840761242755235e+00 -7.457024376066280491e-02 8.395386199912148184e-01 0.000000000000000000e+00 3.247990041142118089e-02 -9.999999999999999799e-13 8.699999999999999400e-02 3.078195520079040626e-01 5.815612872713344927e-01 -3.443516809473489704e-01 -5.256835857149152469e-01 1.073767051106726100e+00
1.235668053520397047e-01 9.999999999999999799e-13 8.699999999999999400e-02 1.086733438893598830e-01 -1.693351957642908800e+00 -5.638464403563184929e-02 8.296483141342655410e-01 0.000000000000000000e+00 2.593719825700386422e-02 -9.999999999999999799e-13 8.699999999999999400e-02 5.021705331733985478e-01 3.175344790101242154e-01 -3.428787426295548113e-01 -5.368327508758012900e-01 9.868172666711396701e-01
1.494225729872676323e-01 9.999999999999999799e-13 8.699999999999999400e-02 2.091474820613142827e-01 -1.621541573401048986e+00 -4.249113907957355329e-02 8.067443763104602539e-01 0.000000000000000000e+00 2.141936445854579832e-02 -9.999999999999999799e-13 8.699999999999999400e-02 7.140881351239269925e-01 0.000000000000000000e+00 -3.294869695625707307e-01 -5.653835528057904458e-01 9.442075014192443660e-01
1.614220664062899768e-01 9.999999999999999799e-13 8.699999999999999400e-02 3.448059567545808113e-01 -1.652029735270726718e+00 -4.085766821034915453e-02 7.712341475025364934e-01 0.000000000000000000e+00 1.957052918838402683e-02 -9.999999999999999799e-13 8.699999999999999400e-02 7.506625904973468488e-01 0.000000000000000000e+00 -3.047122464527614594e-01 -6.062726578232541241e-01 9.579796364327748392e-01
-4.707667298917433268e-02 9.999999999999999799e-13 8.699999999999999400e-02 6.757408184582731625e-01 -1.625461197078852393e+00 -3.513965947785929744e-02 1.046999999999999931e+00 -4.155530352191014742e-01 5.796728653138082110e-02 -9.999999999999999799e-13 8.699999999999999400e-02 7.219314811626994510e-01 0.000000000000000000e+00 -1.495633444688407032e-01 -6.728394131488754093e-01 1.047856003623071963e+00
