-3.044365054609267374e-02 -9.999999999999999799e-13 8.699999999999999400e-02 1.046006927859814084e+00 -5.968302964064005067e-01 -1.561646346289537468e-01 4.889264299077727971e-01 -1.759130473166466757e+00 5.541131029426561716e-02 -9.999999999999999799e-13 8.699999999999999400e-02 4.972355952249040145e-01 1.267958624329246220e-01 -1.993933209954374119e-01 -6.437745480932201003e-01 8.855724226069412452e-01
-4.244853691006225671e-02 -9.999999999999999799e-13 8.699999999999999400e-02 9.197102407520068024e-01 -2.259446364404569252e-01 -1.146337893147464509e-01 5.339732138812138817e-01 -1.692114684118108947e+00 5.786592219044647128e-02 -9.999999999999999799e-13 8.699999999999999400e-02 5.868716540219278688e-01 0.000000000000000000e+00 -2.047888112547123218e-01 -5.671381282485701281e-01 8.102109069503926619e-01
-6.151259184597269308e-02 -9.999999999999999799e-13 8.699999999999999400e-02 8.682771063517903398e-01 0.000000000000000000e+00 -1.109281586283544507e-01 6.124917686224500279e-01 -1.605823898559131990e+00 6.159701468506922906e-02 -9.999999999999999799e-13 8.699999999999999400e-02 6.102658091564883147e-01 0.000000000000000000e+00 -2.200280480675497197e-01 -5.157118799444014856e-01 7.996499315829392884e-01
-7.557225776899956227e-02 -9.999999999999999799e-13 8.699999999999999400e-02 9.191573886676112082e-01 0.000000000000000000e+00 -1.403708307880023876e-01 6.904465918319225848e-01 -1.538714835023571759e+00 6.428870811051295986e-02 -9.999999999999999799e-13 8.699999999999999400e-02 5.229698618248261877e-01 2.126023938033938521e-01 -2.261516399669634136e-01 -4.781586325603870979e-01 8.008313877108133028e-01
-7.281794251982538768e-02 -9.999999999999999799e-13 8.699999999999999400e-02 9.490879597142094504e-01 0.000000000000000000e+00 -1.864584233578950867e-01 7.731970429528650657e-01 -1.541956482301213072e+00 6.373195062778802544e-02 -9.999999999999999799e-13 8.409339189512814172e-02 4.156856695435678928e-01 4.424368706970751575e-01 -2.263709843737046479e-01 -4.445112110632106206e-01 8.303148848672865512e-01
-4.661795612058328847e-02 -9.999999999999999799e-13 8.699999999999999400e-02 9.401607825816075126e-01 0.000000000000000000e+00 -1.646050051650388979e-01 8.060705986357966646e-01 -1.555058132667401338e+00 5.868616671571768445e-02 -9.999999999999999799e-13 6.877422167603412795e-02 2.910785658505563589e-01 6.646243529421544949e-01 -2.255557206839532147e-01 -4.061158900906517988e-01 8.678501658618733572e-01
-7.435432847462949274e-03 -9.999999999999999799e-13 8.699999999999999400e-02 8.943176576120190902e-01 0.000000000000000000e+00 -1.772697752546244510e-01 8.267506869034361161e-01 -1.561247693315463536e+00 5.104336995954816825e-02 -9.999999999999999799e-13 5.856505722388001545e-02 1.614252575964179592e-01 8.660276406527955828e-01 -2.266062902163069603e-01 -3.587497278226061126e-01 8.905320960334943692e-01
3.894592429815507684e-02 -9.999999999999999799e-13 8.699999999999999400e-02 1.046999999999999931e+00 -5.175879618034624485e-01 -1.856246201741457991e-01 8.427919210301120234e-01 -1.574712590959185476e+00 4.215396619451079741e-02 9.999999999999999799e-13 5.412042905692276973e-02 2.783394948887433357e-02 1.054419976331468334e+00 -2.272775833535224388e-01 -3.059272102704401197e-01 9.041206052812267302e-01
7.664756863981875279e-02 -9.999999999999999799e-13 8.699999999999999400e-02 1.046999999999999931e+00 -9.226469611940979476e-01 -1.852810545954471644e-01 8.711279181285904727e-01 -1.588385641090032330e+00 3.506584301727488223e-02 9.999999999999999799e-13 5.043340722277979415e-02 -9.167636125660953705e-02 1.207611802468345985e+00 -2.253037858631893875e-01 -2.535624546199363172e-01 9.188507160850054589e-01
1.003928202832032046e-01 -9.999999999999999799e-13 8.699999999999999400e-02 1.046999999999999931e+00 -1.268096590061240647e+00 -1.802916084850764711e-01 9.145085303483266870e-01 -1.589048442319887400e+00 3.069082151806560438e-02 9.999999999999999799e-13 4.545923990599275155e-02 -2.151880628698399078e-01 1.328752414042149610e+00 -2.216075994770994317e-01 -1.927996823515263636e-01 9.114322837295123492e-01
1.132176798186402961e-01 -9.999999999999999799e-13 8.699999999999999400e-02 1.046999999999999931e+00 -1.590207195981368393e+00 -1.755933381828347906e-01 9.595538389663088585e-01 -1.567606524458197370e+00 2.836922266441425575e-02 9.999999999999999799e-13 4.447342470014171295e-02 -3.463104432093346841e-01 1.409433703839525265e+00 -2.196280501320914680e-01 -1.307098756470869705e-01 8.879688249192039251e-01
1.125337458115289596e-01 -9.999999999999999799e-13 8.699999999999999400e-02 1.046999999999999931e+00 -1.830938968904305852e+00 -1.711309177851008112e-01 1.006045460028598182e+00 -1.521799654053732631e+00 2.853499334608982849e-02 9.999999999999999799e-13 4.636014205691402906e-02 -4.808977490662267318e-01 1.452022685031809424e+00 -2.179568168063512612e-01 -5.737402339570862875e-02 8.338366174317304313e-01
9.969521021943081318e-02 -9.999999999999999799e-13 8.699999999999999400e-02 1.020768607790584870e+00 -2.012779239879314730e+00 -1.633037896666429400e-01 1.046999999999999931e+00 -1.458157702776539999e+00 3.093525315532793737e-02 9.999999999999999799e-13 5.007400147847614752e-02 -5.958881257419585964e-01 1.459182036260947335e+00 -2.172660631815227505e-01 2.194452063683128423e-02 7.570573759674950054e-01
7.301551034388677197e-02 -9.999999999999999799e-13 8.699999999999999400e-02 8.191953090406912663e-01 -2.105115792007146602e+00 -1.616377541692084752e-01 1.046999999999999931e+00 -1.361648404913087695e+00 3.586131539392074102e-02 9.999999999999999799e-13 6.090886369560660069e-02 -6.964146825856526446e-01 1.427371533684604898e+00 -2.203178512089355723e-01 1.149347651824337152e-01 6.470737183362462730e-01
3.729302669299677797e-02 -9.999999999999999799e-13 8.699999999999999400e-02 6.328166410617112048e-01 -2.116438529669677493e+00 -1.637733551696743950e-01 1.046999999999999931e+00 -1.243106633111141335e+00 4.244602081366238844e-02 9.999999999999999799e-13 7.669060440817154767e-02 -7.716163017812548430e-01 1.360843930842172256e+00 -2.268167542662121172e-01 2.214011867271241107e-01 4.974295161875339488e-01
9.897749847491829275e-04 9.999999999999999799e-13 8.699999999999999400e-02 5.096258201384065156e-01 -2.064601646739693486e+00 -1.681456324525690826e-01 1.046999999999999931e+00 -1.094649060092319104e+00 4.917311184246562356e-02 9.999999999999999799e-13 8.699999999999999400e-02 -7.850000000000000311e-01 1.275936600955676958e+00 -2.328965439065809329e-01 3.795442111644034000e-01 2.486765252214313549e-01
-3.036404864713295598e-02 9.999999999999999799e-13 8.699999999999999400e-02 4.568026625879560987e-01 -1.974393784881666392e+00 -1.713708825123225754e-01 1.046999999999999931e+00 -9.159369299199653369e-01 5.508785712771315651e-02 9.999999999999999799e-13 8.699999999999999400e-02 -7.850000000000000311e-01 1.191272891522474175e+00 -2.337447677206431207e-01 5.335890025439447015e-01 0.000000000000000000e+00
-5.344178205709596702e-02 9.999999999999999799e-13 8.699999999999999400e-02 4.222461630623378648e-01 -1.919529918691092796e+00 -1.738536652116149384e-01 1.046999999999999931e+00 -7.099421626919681927e-01 5.957609443461847620e-02 9.999999999999999799e-13 8.699999999999999400e-02 -7.850000000000000311e-01 1.112901085960555037e+00 -2.350770333338217111e-01 5.589735427828975700e-01 0.000000000000000000e+00
-6.527074768051026321e-02 9.999999999999999799e-13 8.699999999999999400e-02 4.012678182266283256e-01 -1.811497037572172175e+00 -1.665047255813748295e-01 1.046999999999999931e+00 -4.718670083408653682e-01 6.200086578151343952e-02 9.999999999999999799e-13 8.699999999999999400e-02 -7.850000000000000311e-01 1.046827594335582923e+00 -2.362741187434676537e-01 5.865533131319969895e-01 0.000000000000000000e+00
-7.562207624107195048e-02 9.999999999999999799e-13 8.699999999999999400e-02 4.204383045287554133e-01 -1.732538597605183917e+00 -1.656361225617893895e-01 8.820712732613248397e-01 0.000000000000000000e+00 6.416521366020597195e-02 9.999999999999999799e-13 8.699999999999999400e-02 -7.606279129674794470e-01 9.627187233279030920e-01 -2.313996687726619650e-01 6.143797279101401720e-01 0.000000000000000000e+00
-9.112836839744875572e-02 9.999999999999999799e-13 8.699999999999999400e-02 4.887504337123752540e-01 -1.672378704308203012e+00 -1.584796767561224007e-01 9.283764081302205984e-01 0.000000000000000000e+00 6.740178949215094861e-02 9.999999999999999799e-13 8.699999999999999400e-02 -7.102214474484240814e-01 9.189160385260519703e-01 -2.234330737226234431e-01 6.372259926823533593e-01 0.000000000000000000e+00
-1.094442919719408880e-01 9.999999999999999799e-13 8.699999999999999400e-02 5.858951431256662623e-01 -1.607830760287511040e+00 -1.520682414990627562e-01 9.795678375822675088e-01 0.000000000000000000e+00 7.146079790178561097e-02 9.999999999999999799e-13 8.699999999999999400e-02 -6.776546051040500673e-01 9.595818824159580984e-01 -2.165818464590328618e-01 6.572766417917822457e-01 0.000000000000000000e+00
-1.141571309804493561e-01 9.999999999999999799e-13 8.699999999999999400e-02 6.653041870510111311e-01 -1.541373004869541319e+00 -1.502044362393552546e-01 1.017327482209823719e+00 0.000000000000000000e+00 7.287286398984782476e-02 9.999999999999999799e-13 8.699999999999999400e-02 -6.526910726187906686e-01 9.919877938412149376e-01 -2.046289338561620430e-01 6.698633513112774995e-01 0.000000000000000000e+00
-9.694314332265834000e-02 9.999999999999999799e-13 8.699999999999999400e-02 7.495790310999699280e-01 -1.593170552781015381e+00 -1.460685833174412140e-01 1.028320456900717605e+00 0.000000000000000000e+00 6.970994661005826265e-02 9.999999999999999799e-13 8.699999999999999400e-02 -6.248791745068872361e-01 1.040372701582558790e+00 -1.934831389424780390e-01 6.621617669456554278e-01 0.000000000000000000e+00
-5.956495901688594469e-02 9.999999999999999799e-13 8.699999999999999400e-02 7.634033099885170204e-01 -1.604814978240137080e+00 -1.357951089121466060e-01 1.000223700915922276e+00 0.000000000000000000e+00 6.218239180820832324e-02 9.999999999999999799e-13 8.699999999999999400e-02 -5.862837839109313887e-01 1.080827505963895874e+00 -1.808269362379484324e-01 4.431396627296605439e-01 3.779243338916131734e-01
-1.656143055989023338e-02 9.999999999999999799e-13 8.699999999999999400e-02 8.043166056934666353e-01 -1.636611199529935945e+00 -1.385476804866050682e-01 9.444590365700650247e-01 0.000000000000000000e+00 5.332007528220407411e-02 9.999999999999999799e-13 8.699999999999999400e-02 -5.428166157203710984e-01 1.116673976918262312e+00 -1.720643056810275684e-01 2.557167143121054642e-01 6.796466980517976708e-01
3.093466952660141323e-02 9.999999999999999799e-13 8.699999999999999400e-02 8.309327634671589413e-01 -1.662438016381791783e+00 -1.778491003915798896e-01 1.046999999999999931e+00 -5.813836637892846326e-01 4.374630286675828400e-02 9.999999999999999799e-13 8.699999999999999400e-02 -4.904693693950072930e-01 1.144513702972293601e+00 -1.653652531558267302e-01 9.907430758755018940e-02 9.045378951181746174e-01
7.412453821455916581e-02 9.999999999999999799e-13 8.699999999999999400e-02 8.647267781773944062e-01 -1.676830402934149866e+00 -1.938077797919394718e-01 1.046999999999999931e+00 -9.565133364263180837e-01 3.540647265944942002e-02 9.999999999999999799e-13 8.699999999999999400e-02 -4.313627386462752789e-01 1.160926292877388022e+00 -1.515970444167546727e-01 -4.279165988593085224e-02 1.089047007387041077e+00
1.047790267445392054e-01 9.999999999999999799e-13 8.699999999999999400e-02 9.048302295659280681e-01 -1.669532138840772006e+00 -1.919215851504534609e-01 1.046999999999999931e+00 -1.281986428557228663e+00 2.979488033911559600e-02 -9.999999999999999799e-13 8.699999999999999400e-02 -3.625490809445862106e-01 1.154245421541566508e+00 -1.380371799608152428e-01 -1.753040681172582660e-01 1.228557289813959841e+00
1.205629858854715131e-01 9.999999999999999799e-13 8.699999999999999400e-02 9.499378964581167706e-01 -1.637772185185813356e+00 -1.932727509581455561e-01 1.046999999999999931e+00 -1.570249420264757667e+00 2.710338268174623810e-02 -9.999999999999999799e-13 8.699999999999999400e-02 -2.897564858442645552e-01 1.120273174247227388e+00 -1.364924115740896171e-01 -2.909458915148121494e-01 1.306944734117150730e+00
1.192574430952316744e-01 9.999999999999999799e-13 8.699999999999999400e-02 1.001398052496070168e+00 -1.585937854184784612e+00 -1.873593979510784768e-01 1.046999999999999931e+00 -1.798371386845185604e+00 2.755343346369477919e-02 -9.999999999999999799e-13 8.699999999999999400e-02 -2.137425920960929482e-01 1.073772615279716902e+00 -1.345162514146080457e-01 -4.165418132865577605e-01 1.359679092905615505e+00
1.116976265248062206e-01 9.999999999999999799e-13 8.699999999999999400e-02 1.045186122266946960e+00 -1.519405807095815852e+00 -1.787150426512901513e-01 1.046999999999999931e+00 -1.971245039318417547e+00 2.902979003021168361e-02 -9.999999999999999799e-13 8.699999999999999400e-02 -1.364467464555326748e-01 1.011295820463546491e+00 -1.315376838499105194e-01 -5.308248762794004483e-01 1.380640297359515323e+00
9.365529736041923459e-02 9.999999999999999799e-13 8.699999999999999400e-02 1.046999999999999931e+00 -1.415102884448613985e+00 -1.749341825572035825e-01 9.150550402210940737e-01 -2.047710606338458028e+00 3.228746575602652741e-02 -9.999999999999999799e-13 8.699999999999999400e-02 -5.539498988384916611e-02 9.301859001980101738e-01 -1.340773685877270915e-01 -6.234101868529131618e-01 1.361858526663198177e+00
7.691564460179291240e-02 9.999999999999999799e-13 8.699999999999999400e-02 1.046999999999999931e+00 -1.314609068333457031e+00 -1.648120863747676301e-01 7.279359401692093723e-01 -2.058286097407872717e+00 3.524543993090963750e-02 -9.999999999999999799e-13 8.699999999999999400e-02 2.566805744371705028e-02 8.414593989872942714e-01 -1.398180253366452241e-01 -6.857256972016873009e-01 1.311793652866892756e+00
5.681595461273723779e-02 -9.999999999999999799e-13 8.699999999999999400e-02 1.046999999999999931e+00 -1.192474312390935154e+00 -1.495286645939971903e-01 6.008542372343533833e-01 -2.002033655134746404e+00 3.885646022611890377e-02 -9.999999999999999799e-13 8.699999999999999400e-02 1.111472255999760017e-01 7.367435391227914465e-01 -1.502429006465839934e-01 -7.149271629347089263e-01 1.229752270702779704e+00
4.101028654732542800e-02 -9.999999999999999799e-13 8.699999999999999400e-02 1.046999999999999931e+00 -1.058745072157790013e+00 -1.340632945219151495e-01 5.064721591974690185e-01 -1.918923266834037022e+00 4.176046806715351389e-02 -9.999999999999999799e-13 8.699999999999999400e-02 1.946871852582275075e-01 6.264554567014553044e-01 -1.579541366438273198e-01 -7.135551263377700737e-01 1.134205268661915511e+00
-3.044365054609267374e-02 -9.999999999999999799e-13 8.699999999999999400e-02 1.046006927859814084e+00 -5.968302964064005067e-01 -1.561646346289537468e-01 4.889264299077727971e-01 -1.759130473166466757e+00 5.541131029426561716e-02 -9.999999999999999799e-13 8.699999999999999400e-02 4.972355952249040145e-01 1.267958624329246220e-01 -1.993933209954374119e-01 -6.437745480932201003e-01 8.855724226069412452e-01
