6.093338465767064033e-02 9.999999999999999799e-13 8.699999999999999400e-02 4.878612751663168323e-01 -2.094215716934424876e+00 -2.081501892042076640e-01 9.187797327072950715e-01 0.000000000000000000e+00 3.753787866264881451e-02 -9.999999999999999799e-13 8.699999999999999400e-02 -4.997459185491427980e-01 1.093939101670745373e+00 -1.641527096933738106e-01 -6.756754268066434976e-01 1.461288427520509359e+00
-4.782855162254662229e-02 9.999999999999999799e-13 8.699999999999999400e-02 6.099116136912323682e-01 -2.016489716499626716e+00 -2.435146934777507322e-01 1.030300354775530280e+00 0.000000000000000000e+00 6.044030556448849040e-02 -9.999999999999999799e-13 8.699999999999999400e-02 -4.334977252732016839e-01 1.098679326608864137e+00 -1.503293192664908184e-01 -7.850000000000000311e-01 1.417668688125373500e+00
-1.425846632089399768e-01 9.999999999999999799e-13 8.699999999999999400e-02 7.328487931824237966e-01 -1.936951735619832249e+00 -6.022524580670151062e-01 1.046999999999999931e+00 -6.975758425061275858e-01 7.996994851848594765e-02 -9.999999999999999799e-13 8.699999999999999400e-02 -3.689567857301784271e-01 1.040397205923190960e+00 -1.407527773536033644e-01 -7.850000000000000311e-01 1.360920197278851163e+00
-1.739999999999999880e-01 9.999999999999999799e-13 8.699999999999999400e-02 7.840623104976502944e-01 -1.875253956626976581e+00 -7.106798345053046972e-01 1.046999999999999931e+00 -1.201294255758029728e+00 9.077938344480336597e-02 -9.999999999999999799e-13 8.699999999999999400e-02 -2.985369438917004348e-01 1.038212529918804528e+00 -1.392199251965316464e-01 -7.850000000000000311e-01 1.278523932197187740e+00
-1.739999999999999880e-01 9.999999999999999799e-13 8.699999999999999400e-02 8.275600789125745482e-01 -1.828392024762692358e+00 -6.197116880193485056e-01 1.046999999999999931e+00 -1.661341325214823250e+00 9.349552514165461459e-02 -9.999999999999999799e-13 8.699999999999999400e-02 -2.132805071954707310e-01 1.012076226560690628e+00 -1.387799683241063564e-01 -7.850000000000000311e-01 1.190473593723401002e+00
-1.739999999999999880e-01 9.999999999999999799e-13 8.699999999999999400e-02 9.055040294301888171e-01 -1.782333681624077570e+00 -4.585341545821516318e-01 1.046999999999999931e+00 -2.066192718563856445e+00 9.373568694047763883e-02 -9.999999999999999799e-13 8.699999999999999400e-02 -1.261418488956391748e-01 9.844203599854761677e-01 -1.429258036363930950e-01 -7.850000000000000311e-01 1.122953997368499657e+00
-1.739999999999999880e-01 9.999999999999999799e-13 8.699999999999999400e-02 1.038012341767492908e+00 -1.823542428348972955e+00 -2.970436096852540064e-01 1.046999999999999931e+00 -2.355999999999999872e+00 9.260906112620949371e-02 -9.999999999999999799e-13 8.699999999999999400e-02 -3.672427070425091089e-02 9.531710150912395818e-01 -1.600536470335821859e-01 -7.850000000000000311e-01 1.164910023201708889e+00
-1.739999999999999880e-01 9.999999999999999799e-13 8.699999999999999400e-02 1.046999999999999931e+00 -1.856676274789566428e+00 -2.585270176707619161e-01 7.290175411163379859e-01 -2.355999999999999872e+00 8.878743054869228657e-02 -9.999999999999999799e-13 8.699999999999999400e-02 7.598839422166446533e-02 8.860321977817502415e-01 -1.677671829037670204e-01 -7.849773109260582693e-01 1.246256636825849640e+00
-1.739999999999999880e-01 9.999999999999999799e-13 8.699999999999999400e-02 1.046999999999999931e+00 -1.810164855204778434e+00 -1.606778620898082488e-01 4.289673293062558623e-01 -2.355999999999999872e+00 8.389819255175080814e-02 -9.999999999999999799e-13 8.699999999999999400e-02 2.133589843123648855e-01 7.674652194575219966e-01 -1.786050278901802069e-01 -7.069775505388594672e-01 1.220900226399692201e+00
-1.649649516565296348e-01 -9.999999999999999799e-13 8.699999999999999400e-02 1.046999999999999931e+00 -1.713112393565724645e+00 -1.003363555946386876e-01 3.231563648903504338e-01 -2.299349986128605750e+00 7.780074552718228842e-02 -9.999999999999999799e-13 8.699999999999999400e-02 3.646806016465652944e-01 5.809286276780731839e-01 -1.855086347652768197e-01 -5.912619292590404196e-01 1.195146021492588417e+00
-1.349983279396725078e-01 -9.999999999999999799e-13 8.699999999999999400e-02 1.046999999999999931e+00 -1.568921137816198907e+00 -7.796873635246577561e-02 2.705021941008188824e-01 -2.133547415262454727e+00 7.162513390545729997e-02 -9.999999999999999799e-13 8.699999999999999400e-02 5.750634162243608571e-01 2.576037209457560095e-01 -1.853562787614043417e-01 -4.508808349451846609e-01 1.114549353085854122e+00
-9.182750286328698885e-02 -9.999999999999999799e-13 8.699999999999999400e-02 1.046999999999999931e+00 -1.397246905509797799e+00 -8.593045334105274546e-02 2.315507512255117473e-01 -1.992620000691188054e+00 6.403732905971533385e-02 -9.999999999999999799e-13 8.699999999999999400e-02 7.486717047152563476e-01 0.000000000000000000e+00 -1.835744351387961215e-01 -2.977881114629168935e-01 1.007685236152379815e+00
-1.756659165108593115e-02 -9.999999999999999799e-13 8.699999999999999400e-02 1.046999999999999931e+00 -1.221191329115153046e+00 -1.027674900827338783e-01 2.324398716806782839e-01 -1.811751003377422009e+00 5.176370881012716529e-02 -9.999999999999999799e-13 8.699999999999999400e-02 7.850000000000000311e-01 0.000000000000000000e+00 -1.770208008067405137e-01 -1.383648297901503565e-01 8.931835583048020055e-01
6.555847298038086635e-02 -9.999999999999999799e-13 8.699999999999999400e-02 1.046999999999999931e+00 -1.016782596917177983e+00 -9.524829822300640014e-02 2.763469906594533398e-01 -1.651550122089254558e+00 3.744628497407369305e-02 -9.999999999999999799e-13 8.699999999999999400e-02 7.850000000000000311e-01 0.000000000000000000e+00 -1.698025442588868839e-01 2.630952394599828104e-02 7.653984676268779097e-01
1.623426343139776074e-01 -9.999999999999999799e-13 8.699999999999999400e-02 9.695438936653012485e-01 -7.759160058644347657e-01 -1.484424429446663252e-01 2.957332074281983081e-01 -1.651969170910093432e+00 1.976798577661927417e-02 9.999999999999999799e-13 8.699999999999999400e-02 6.177897931713901558e-01 3.852684738874785353e-01 -1.617261252022460516e-01 1.860363312994768314e-01 6.411642273709503570e-01
1.739999999999999880e-01 -9.999999999999999799e-13 8.699999999999999400e-02 7.137735402927468664e-01 -1.278091743546116987e-01 -1.487160706730030757e-01 4.280202674846784738e-01 -1.639036961114248570e+00 -1.060749365647522830e-03 9.999999999999999799e-13 8.699999999999999400e-02 4.726927813831251490e-01 7.078101456433829597e-01 -1.550909871836690379e-01 3.106659292671367090e-01 5.728049627987683579e-01
1.739999999999999880e-01 -9.999999999999999799e-13 8.699999999999999400e-02 7.044273856366796149e-01 0.000000000000000000e+00 -1.175968339890698794e-01 5.813849180107014680e-01 -1.590074267301668343e+00 -2.124891720805156814e-02 9.999999999999999799e-13 8.699999999999999400e-02 3.659310614922427485e-01 9.501059885586640164e-01 -1.517204601639609296e-01 3.649112111982908413e-01 6.256027944086604009e-01
1.739999999999999880e-01 -9.999999999999999799e-13 8.699999999999999400e-02 7.417077992016563037e-01 0.000000000000000000e+00 -1.393834767198221247e-01 6.883049864191324030e-01 -1.501627825464774801e+00 -3.853869497050348841e-02 9.999999999999999799e-13 8.699999999999999400e-02 2.704633725655537502e-01 1.146407749138328214e+00 -1.580378435582130980e-01 3.837747075269012931e-01 7.352600470395262988e-01
1.739999999999999880e-01 -9.999999999999999799e-13 8.699999999999999400e-02 7.566020499227849028e-01 0.000000000000000000e+00 -1.287912103657540275e-01 7.926010071611602203e-01 -1.396107992180445123e+00 -5.082145843770969479e-02 9.999999999999999799e-13 8.699999999999999400e-02 1.714720739064774235e-01 1.314025246853586459e+00 -1.760091839594915553e-01 3.387407589091890325e-01 9.145586427358978199e-01
1.739999999999999880e-01 9.999999999999999799e-13 8.699999999999999400e-02 7.531786088235515875e-01 0.000000000000000000e+00 -1.240822129729640955e-01 8.569203660101505360e-01 -1.245785310672262725e+00 -5.824177506828894652e-02 9.999999999999999799e-13 8.699999999999999400e-02 7.239949816690167961e-02 1.443883327184567911e+00 -1.932884325616265886e-01 2.556567577901752153e-01 1.106345049946945380e+00
1.739999999999999880e-01 9.999999999999999799e-13 8.699999999999999400e-02 7.374041132738915483e-01 0.000000000000000000e+00 -1.168904115084273554e-01 8.815292628924501495e-01 -1.043030304295069044e+00 -5.975864677868861219e-02 9.999999999999999799e-13 8.699999999999999400e-02 -3.226583913362552486e-02 1.538200790579193011e+00 -2.050772914092594545e-01 1.548399731987804007e-01 1.234947170322657328e+00
1.739999999999999880e-01 9.999999999999999799e-13 8.699999999999999400e-02 1.027995495298491768e+00 -7.079722845889246940e-01 -1.080800375304139110e-01 8.520442558932290744e-01 -7.630776839324751037e-01 -5.481945538537987689e-02 9.999999999999999799e-13 8.588207062911232259e-02 -1.437388211733706400e-01 1.603484878994202667e+00 -2.097634201965661027e-01 3.652266109513586240e-02 1.291852804210028793e+00
1.739999999999999880e-01 9.999999999999999799e-13 8.699999999999999400e-02 1.046999999999999931e+00 -1.226404262325038630e+00 -9.678994201306619083e-02 6.944909486283553646e-01 -2.432567540927150773e-01 -4.403977452983585950e-02 9.999999999999999799e-13 7.898669852968870364e-02 -2.621515820353701454e-01 1.648344248470125173e+00 -2.127931661705923794e-01 -1.134935142860728913e-01 1.310057267619599841e+00
1.739999999999999880e-01 9.999999999999999799e-13 8.699999999999999400e-02 1.046999999999999931e+00 -1.611944008755874513e+00 -8.043096867380590542e-02 6.515332649254252928e-01 0.000000000000000000e+00 -3.043231890496726419e-02 9.999999999999999799e-13 7.660805956154594087e-02 -3.890199012772087017e-01 1.667895094618168983e+00 -2.145731419978249566e-01 -2.700211088711015894e-01 1.297094530470779716e+00
1.739999999999999880e-01 9.999999999999999799e-13 8.699999999999999400e-02 1.046999999999999931e+00 -1.925314813282045456e+00 -6.166309639059328052e-02 7.108284256594289419e-01 0.000000000000000000e+00 -1.455322452666649169e-02 9.999999999999999799e-13 7.747906658500183785e-02 -5.164216848478839772e-01 1.667024859982174867e+00 -2.140474189673955419e-01 -4.138564317138803683e-01 1.262793580745194433e+00
1.739999999999999880e-01 9.999999999999999799e-13 8.699999999999999400e-02 1.046999999999999931e+00 -2.187653001850137002e+00 -5.951204502824114506e-02 7.455930891484210399e-01 0.000000000000000000e+00 3.465793999001925019e-03 9.999999999999999799e-13 7.879499994928182427e-02 -6.386198558545423953e-01 1.642786820159557237e+00 -2.116790857550499838e-01 -5.350147188807864440e-01 1.213148842343716005e+00
1.281078424660347381e-01 9.999999999999999799e-13 8.699999999999999400e-02 8.804482753307578680e-01 -2.341040869411438408e+00 -7.197327094003562464e-02 8.024168615262026183e-01 0.000000000000000000e+00 2.327077266488506227e-02 9.999999999999999799e-13 8.133625092033366921e-02 -7.473521860730405475e-01 1.595556600570120054e+00 -2.078869020400315182e-01 -5.837006153081669702e-01 1.111067830388948963e+00
2.091764745028979258e-02 9.999999999999999799e-13 8.699999999999999400e-02 7.581261792978897240e-01 -2.355999999999999872e+00 -1.099416844834396195e-01 9.148815304269232174e-01 0.000000000000000000e+00 4.597492355623460092e-02 9.999999999999999799e-13 8.699999999999999400e-02 -7.850000000000000311e-01 1.530596735920902063e+00 -2.010836036116327163e-01 -5.334955245478899544e-01 9.456915773528375979e-01
-1.006584588634612532e-01 9.999999999999999799e-13 8.699999999999999400e-02 6.706722749991700372e-01 -2.355999999999999872e+00 -3.196878741364490573e-01 1.046999999999999931e+00 -6.457897598310911036e-01 7.084982528873501328e-02 9.999999999999999799e-13 8.699999999999999400e-02 -7.850000000000000311e-01 1.449961335291451547e+00 -2.041645995420375004e-01 -4.088536167950779787e-01 7.436690891435517869e-01
-1.739999999999999880e-01 9.999999999999999799e-13 8.699999999999999400e-02 5.455421560363574729e-01 -2.355999999999999872e+00 -6.064483352889572521e-01 1.046999999999999931e+00 -1.125035757853016349e+00 9.701916204281589573e-02 9.999999999999999799e-13 8.699999999999999400e-02 -7.850000000000000311e-01 1.350363227811570255e+00 -2.151171337707830089e-01 -2.923271103171390939e-01 6.354819580560526759e-01
-1.739999999999999880e-01 9.999999999999999799e-13 8.699999999999999400e-02 3.657259786839528459e-01 -2.316345379552524175e+00 -7.257547259216428071e-01 1.046999999999999931e+00 -1.554691089324747644e+00 1.222300100981562609e-01 9.999999999999999799e-13 8.699999999999999400e-02 -7.850000000000000311e-01 1.235238699749244162e+00 -2.224342106866517010e-01 -2.155053104078256954e-01 6.105768313943844561e-01
-1.739999999999999880e-01 9.999999999999999799e-13 8.699999999999999400e-02 2.607589913125595849e-01 -2.221776983072435208e+00 -7.850000000000000311e-01 1.046999999999999931e+00 -1.867218023952180062e+00 1.427955337383766954e-01 9.999999999999999799e-13 8.699999999999999400e-02 -7.850000000000000311e-01 1.079343276704198828e+00 -2.301745504330527381e-01 -1.190063538377398311e-01 5.138858103331909177e-01
-1.739999999999999880e-01 9.999999999999999799e-13 8.699999999999999400e-02 2.178509485892501651e-01 -2.111366820816749978e+00 -7.850000000000000311e-01 1.046999999999999931e+00 -2.095837263850219401e+00 1.566297173906482654e-01 9.999999999999999799e-13 8.699999999999999400e-02 -7.850000000000000311e-01 9.326844289660236598e-01 -2.311529882316458451e-01 -1.782260700601450906e-02 4.395478888947987883e-01
-1.739999999999999880e-01 9.999999999999999799e-13 8.699999999999999400e-02 2.229174406963726762e-01 -2.007206520626453994e+00 -7.850000000000000311e-01 8.895814521648502948e-01 -2.194998730902545603e+00 1.665209547085163000e-01 9.999999999999999799e-13 8.699999999999999400e-02 -7.850000000000000311e-01 9.783541044861649993e-01 -2.256420348991337865e-01 8.848957893111422668e-02 3.531893202754439187e-01
-1.739999999999999880e-01 9.999999999999999799e-13 8.699999999999999400e-02 2.746606200279783083e-01 -1.926119496436593082e+00 -5.650713155160952406e-01 1.371305556116088620e-01 -2.337600983121312037e+00 1.706210058482666436e-01 9.999999999999999799e-13 8.699999999999999400e-02 -7.479760785822173741e-01 1.052318066702927268e+00 -2.156658484865489611e-01 2.606929625055013355e-01 1.675630701644887921e-01
-1.739999999999999880e-01 9.999999999999999799e-13 8.699999999999999400e-02 3.974605307525884146e-01 -1.871463053732057347e+00 -3.213505528850749138e-01 -1.477838692117589281e-01 -2.355999999999999872e+00 1.652971651420720445e-01 9.999999999999999799e-13 8.699999999999999400e-02 -6.599879456760164853e-01 1.050349187308254884e+00 -2.010127933300484837e-01 4.368046311844299701e-01 0.000000000000000000e+00
-1.739999999999999880e-01 9.999999999999999799e-13 8.699999999999999400e-02 5.713109217982884624e-01 -1.786350892783205246e+00 -2.189910143674899390e-01 -2.196242416646841944e-01 -2.259027411001892638e+00 1.483294778549025805e-01 9.999999999999999799e-13 8.699999999999999400e-02 -5.193733817406975817e-01 1.022626169460291834e+00 -1.769001856593886146e-01 5.306435712817518802e-01 0.000000000000000000e+00
-1.739999999999999880e-01 9.999999999999999799e-13 8.699999999999999400e-02 7.627615908644826970e-01 -1.639059336900933417e+00 -1.736605321425556125e-01 -1.496672138188575030e-01 -2.178220106347572127e+00 1.258027340838953345e-01 9.999999999999999799e-13 8.699999999999999400e-02 -3.444904560862887544e-01 9.375586931021846482e-01 -1.544215132423168435e-01 6.209335427464207635e-01 0.000000000000000000e+00
-1.739999999999999880e-01 9.999999999999999799e-13 8.699999999999999400e-02 9.623533509782843387e-01 -1.622581129053168425e+00 -1.194600597385048202e-01 1.182431929828930495e-03 -2.092258595628135431e+00 1.007892619648111943e-01 9.999999999999999799e-13 8.699999999999999400e-02 -1.393013823327079737e-01 8.044978643290932041e-01 -1.379347660336370796e-01 6.997385612112424491e-01 0.000000000000000000e+00
-1.739999999999999880e-01 -9.999999999999999799e-13 8.699999999999999400e-02 1.036181529857570505e+00 -1.467259577989633357e+00 -9.170783269461312004e-02 1.395546220810355287e-01 -2.034969921795570791e+00 7.574133229524028510e-02 9.999999999999999799e-13 8.699999999999999400e-02 8.402832790483058534e-02 6.207510218685579062e-01 -1.201538620337010838e-01 7.672839565529248063e-01 0.000000000000000000e+00
-7.692028029338540338e-03 -9.999999999999999799e-13 8.699999999999999400e-02 9.743860412601703658e-01 -1.420918963898575527e+00 -8.945221026271525655e-02 6.182154809443315795e-03 -1.942131941111485460e+00 4.928270573818884642e-02 9.999999999999999799e-13 8.699999999999999400e-02 3.195907367890666317e-01 3.915699052309014050e-01 -1.432465660057853363e-01 7.850000000000000311e-01 0.000000000000000000e+00
1.583939293399931336e-01 -9.999999999999999799e-13 8.699999999999999400e-02 8.809004388367437377e-01 -1.338051646268162642e+00 -9.011939577701393034e-02 -6.257460169764206270e-02 -1.797796729964885820e+00 2.281570629530314115e-02 -9.999999999999999799e-13 8.699999999999999400e-02 5.844299844495232099e-01 7.858077021979426036e-02 -1.746581275067672356e-01 7.850000000000000311e-01 0.000000000000000000e+00
1.739999999999999880e-01 -9.999999999999999799e-13 8.699999999999999400e-02 8.965441348192616511e-01 -1.107897782347016857e+00 -1.002673834847227080e-01 1.034261520385582750e-01 -1.622146115340290073e+00 -1.964582556630279503e-03 -9.999999999999999799e-13 8.699999999999999400e-02 6.288068566232080103e-01 1.838128107142322776e-01 -1.652056244425623432e-01 7.037600815118488784e-01 4.036952504591369006e-01
1.739999999999999880e-01 -9.999999999999999799e-13 8.699999999999999400e-02 8.555492903933438198e-01 -7.597963557964586556e-01 -1.134173782448362200e-01 2.844753031695763656e-01 -1.525915306689316964e+00 -2.464768149866203642e-02 -9.999999999999999799e-13 8.699999999999999400e-02 5.661681508420223219e-01 4.693253260786249825e-01 -1.746230950021737949e-01 5.384316128825475944e-01 7.635855387536834016e-01
1.739999999999999880e-01 -9.999999999999999799e-13 8.699999999999999400e-02 6.044177674430334379e-01 0.000000000000000000e+00 -1.672347376660759943e-01 4.731818592979374904e-01 -1.513330257967350434e+00 -4.299012310106325313e-02 -9.999999999999999799e-13 8.173626984915037530e-02 4.944158378726385417e-01 7.154380773244373160e-01 -1.859631771007671797e-01 4.038634933642725189e-01 1.011632124335694272e+00
1.739999999999999880e-01 -9.999999999999999799e-13 8.699999999999999400e-02 6.909127921100520764e-01 0.000000000000000000e+00 -1.423648050263874865e-01 6.566683919260769553e-01 -1.467044721410569963e+00 -5.302634740983965672e-02 -9.999999999999999799e-13 6.226603717204545058e-02 4.171544084533004848e-01 9.506929177372667183e-01 -1.962237296177198331e-01 2.857869120241667282e-01 1.165229197044348020e+00
1.739999999999999880e-01 -9.999999999999999799e-13 8.699999999999999400e-02 7.591401475123180642e-01 0.000000000000000000e+00 -1.605532967080070261e-01 7.777149638512776963e-01 -1.342507961279511441e+00 -5.785685149799464633e-02 9.999999999999999799e-13 4.497393639681789013e-02 3.461953760970489791e-01 1.138517360298543224e+00 -2.088433972841548802e-01 1.659668161715913415e-01 1.253907793476598087e+00
1.739999999999999880e-01 -9.999999999999999799e-13 8.699999999999999400e-02 7.966095798818354501e-01 0.000000000000000000e+00 -1.485399927870722780e-01 8.524508631740461695e-01 -1.140543069219859262e+00 -5.779550376641892639e-02 9.999999999999999799e-13 2.835768339255167678e-02 2.482776746637190834e-01 1.308062202204784086e+00 -2.219983082153478837e-01 3.416904714910937169e-02 1.300486076514320466e+00
1.739999999999999880e-01 -9.999999999999999799e-13 8.699999999999999400e-02 7.956560028777410754e-01 0.000000000000000000e+00 -1.393050846428071643e-01 8.593733396429700244e-01 -8.636402607577942092e-01 -5.079142782662531691e-02 9.999999999999999799e-13 1.598453520583155082e-02 1.105268536633176868e-01 1.468781793027074123e+00 -2.338589778265129926e-01 -1.140491841592619487e-01 1.316743303381342045e+00
1.739999999999999880e-01 -9.999999999999999799e-13 8.699999999999999400e-02 7.780438089191077378e-01 0.000000000000000000e+00 -1.291417159599057563e-01 7.552388710289321683e-01 -3.974622531450382468e-01 -3.569283790185807242e-02 9.999999999999999799e-13 3.169537598135591452e-03 -3.762505237439994071e-02 1.603496946819769065e+00 -2.389929536812691324e-01 -2.610525277376898323e-01 1.304428485018815920e+00
1.739999999999999880e-01 -9.999999999999999799e-13 8.699999999999999400e-02 9.949427735710565379e-01 -5.931963021759498744e-01 -1.059921008267461495e-01 6.627443826417176442e-01 0.000000000000000000e+00 -1.531876401138698544e-02 9.999999999999999799e-13 -1.805591841539096708e-03 -1.977975150668544457e-01 1.707784282098411488e+00 -2.392051188330198697e-01 -4.061264109041236026e-01 1.274501720865754528e+00
1.739999999999999880e-01 -9.999999999999999799e-13 8.699999999999999400e-02 1.046999999999999931e+00 -1.287669475614533710e+00 -9.277367724111433567e-02 7.311323605086775812e-01 0.000000000000000000e+00 7.907028052026577464e-03 9.999999999999999799e-13 -2.835705185162005950e-03 -3.659726645680376200e-01 1.767471253493451577e+00 -2.356661967128584889e-01 -5.318345404757344186e-01 1.225892217596333822e+00
8.787865519438320394e-02 -9.999999999999999799e-13 8.699999999999999400e-02 1.046999999999999931e+00 -1.694454870849055439e+00 -9.580452899330575700e-02 8.619995337990338236e-01 0.000000000000000000e+00 3.148812312606111274e-02 9.999999999999999799e-13 9.932176147624579687e-04 -5.416966027012314333e-01 1.790903667545901357e+00 -2.325949219068972618e-01 -6.148320267275648732e-01 1.146631289976780543e+00
-1.088307327659132455e-02 9.999999999999999799e-13 8.699999999999999400e-02 1.046999999999999931e+00 -2.021047128227360545e+00 -1.257263912402198924e-01 9.771383704737356402e-01 0.000000000000000000e+00 5.333466361075701184e-02 9.999999999999999799e-13 7.874779418756005719e-03 -7.124981171322564144e-01 1.776104967187555062e+00 -2.278968514593939509e-01 -6.064082466715897679e-01 9.947034647586390221e-01
-1.103235490877970820e-01 -9.999999999999999799e-13 8.699999999999999400e-02 1.046999999999999931e+00 -2.268967137320479388e+00 -2.226290101803925225e-01 1.046999999999999931e+00 -2.677493891028692730e-01 7.571279059975795367e-02 9.999999999999999799e-13 1.829956256883551180e-02 -7.850000000000000311e-01 1.713390193295153630e+00 -2.265130837339341674e-01 -5.039256163939312971e-01 7.801867921649900950e-01
-1.739999999999999880e-01 -9.999999999999999799e-13 8.699999999999999400e-02 1.040020547455915878e+00 -2.355999999999999872e+00 -7.236316448166578708e-01 1.046999999999999931e+00 -8.353043781913935817e-01 1.002234244335391405e-01 9.999999999999999799e-13 4.046129313245883791e-02 -7.850000000000000311e-01 1.608165715617744240e+00 -2.344665736468420636e-01 -3.632182636040535151e-01 6.307632390925625998e-01
-1.739999999999999880e-01 -9.999999999999999799e-13 8.699999999999999400e-02 6.221009596641806638e-01 -2.355999999999999872e+00 -7.850000000000000311e-01 1.046999999999999931e+00 -1.374982667626413857e+00 1.260519165813830111e-01 9.999999999999999799e-13 7.525709840579086762e-02 -7.850000000000000311e-01 1.468906227609787507e+00 -2.419445653768395321e-01 -2.424330821748769682e-01 5.951318031954784260e-01
-1.739999999999999880e-01 -9.999999999999999799e-13 8.699999999999999400e-02 2.844659726945734102e-01 -2.355999999999999872e+00 -7.850000000000000311e-01 1.046999999999999931e+00 -1.757780185455159128e+00 1.487247577678029453e-01 9.999999999999999799e-13 8.699999999999999400e-02 -7.850000000000000311e-01 1.296090909731435481e+00 -2.447023085207406801e-01 -7.238536247192842166e-02 4.091582418062831294e-01
-1.739999999999999880e-01 -9.999999999999999799e-13 8.699999999999999400e-02 9.487068629417713672e-02 -2.320407886801631570e+00 -7.850000000000000311e-01 1.046999999999999931e+00 -2.030105864446597685e+00 1.608613289631988519e-01 9.999999999999999799e-13 8.699999999999999400e-02 -7.850000000000000311e-01 1.037606899556771545e+00 -2.481224445629923170e-01 2.274547025392942567e-01 0.000000000000000000e+00
-1.739999999999999880e-01 -9.999999999999999799e-13 8.699999999999999400e-02 -1.950924681993940202e-02 -2.169985869063437711e+00 -7.850000000000000311e-01 1.046999999999999931e+00 -2.167130813272557077e+00 1.649727816967787863e-01 9.999999999999999799e-13 8.699999999999999400e-02 -7.850000000000000311e-01 7.975347436437925097e-01 -2.404052610712847093e-01 3.200046916971885924e-01 0.000000000000000000e+00
-1.739999999999999880e-01 -9.999999999999999799e-13 8.699999999999999400e-02 -5.423484107111834623e-02 -2.026038928588890897e+00 -7.850000000000000311e-01 1.635764419433239358e-01 -2.162901210859194734e+00 1.676374488617045633e-01 9.999999999999999799e-13 8.699999999999999400e-02 -7.516542988185587193e-01 8.529524845713858383e-01 -2.266635788980376764e-01 4.072141460535474433e-01 0.000000000000000000e+00
-1.739999999999999880e-01 -9.999999999999999799e-13 8.699999999999999400e-02 -9.529664757503063938e-03 -1.927699228970438661e+00 -3.676153307052170693e-01 -2.086848065800082641e-01 -2.355999999999999872e+00 1.638674393999844936e-01 9.999999999999999799e-13 8.699999999999999400e-02 -6.563598641791383859e-01 9.298950824417122618e-01 -2.001938054108993170e-01 5.089781488942015653e-01 0.000000000000000000e+00
-1.739999999999999880e-01 -9.999999999999999799e-13 8.699999999999999400e-02 1.059512145228983238e-01 -1.839776361544070760e+00 -2.691633301565540815e-01 -3.237743828653094624e-01 -2.246142626027393341e+00 1.509965664693792564e-01 9.999999999999999799e-13 8.699999999999999400e-02 -5.077130885912718439e-01 8.734644594977032384e-01 -1.785419742137502874e-01 6.055371555492157221e-01 0.000000000000000000e+00
-1.739999999999999880e-01 9.999999999999999799e-13 8.699999999999999400e-02 2.661856780400557176e-01 -1.720479676600225716e+00 -2.057225673060860682e-01 -2.859186730812246502e-01 -2.138317791951667601e+00 1.298669055983751874e-01 9.999999999999999799e-13 8.699999999999999400e-02 -3.049690209962548915e-01 7.793882038498249898e-01 -1.549883649792542506e-01 6.899332025367702625e-01 0.000000000000000000e+00
-1.739999999999999880e-01 -9.999999999999999799e-13 8.699999999999999400e-02 4.575396714676366883e-01 -1.578119821011865653e+00 -1.549295289725287628e-01 -1.945621874722973377e-01 -2.040308384068439729e+00 1.059599639206846022e-01 9.999999999999999799e-13 8.699999999999999400e-02 -6.335343291576182867e-02 5.992595788488443986e-01 -1.340639288876792623e-01 7.574475937676167225e-01 0.000000000000000000e+00
-1.739999999999999880e-01 -9.999999999999999799e-13 8.699999999999999400e-02 6.320096286437526523e-01 -1.382580986779723631e+00 -1.149117207376362387e-01 -9.081708785765235659e-02 -1.986691661741226689e+00 7.594719968464774817e-02 9.999999999999999799e-13 8.699999999999999400e-02 2.323343373144287627e-01 3.126756248260544879e-01 -1.455778096493620111e-01 7.850000000000000311e-01 0.000000000000000000e+00
3.753345448422564651e-02 -9.999999999999999799e-13 8.699999999999999400e-02 5.970089949045171984e-01 -1.491831557358604954e+00 -4.179152466466086180e-01 -4.323777721192670898e-01 -1.798050587108985354e+00 4.223168174094019123e-02 9.999999999999999799e-13 8.699999999999999400e-02 5.329363878653953224e-01 0.000000000000000000e+00 -1.753290780744614363e-01 7.850000000000000311e-01 0.000000000000000000e+00
1.739999999999999880e-01 -9.999999999999999799e-13 8.699999999999999400e-02 6.141149651116248886e-01 -1.470091982193576285e+00 8.699999999999999400e-02 -3.260575326164673049e-01 -1.836961950268206856e+00 1.018421413121809935e-02 -9.999999999999999799e-13 8.699999999999999400e-02 6.616758682679619863e-01 0.000000000000000000e+00 -2.126765562656968422e-01 7.850000000000000311e-01 0.000000000000000000e+00
1.739999999999999880e-01 -9.999999999999999799e-13 8.699999999999999400e-02 7.578540915654224941e-01 -1.338107119844122117e+00 -6.118846364546867006e-02 -9.524282178088150363e-02 -1.702168386871640848e+00 -1.782542075910222013e-02 -9.999999999999999799e-13 7.908077646645234049e-02 7.849158238429421175e-01 0.000000000000000000e+00 -2.014930159389761721e-01 7.850000000000000311e-01 2.323570356254798241e-01
1.739999999999999880e-01 -9.999999999999999799e-13 8.699999999999999400e-02 8.414837140724885645e-01 -1.128030045639547119e+00 -7.027837541859902060e-02 7.559399839873229276e-02 -1.538625065722165175e+00 -4.217782295193059361e-02 -9.999999999999999799e-13 6.323579304634019405e-02 7.453239686960393406e-01 3.025970859134421431e-01 -1.561108883184276486e-01 6.523445814350201655e-01 7.560509674731887841e-01
1.739999999999999880e-01 -9.999999999999999799e-13 8.699999999999999400e-02 8.379349686586751167e-01 -7.959366588983929347e-01 -8.068227473844721831e-02 2.719687923496921234e-01 -1.495709872620874847e+00 -6.284533014140790408e-02 -9.999999999999999799e-13 4.704175910638877522e-02 6.809195317959686466e-01 6.210418237192101287e-01 -1.496317804802695939e-01 5.239121860978582790e-01 1.039594521838480112e+00
1.739999999999999880e-01 -9.999999999999999799e-13 8.699999999999999400e-02 5.907999984476929312e-01 0.000000000000000000e+00 -1.280892376289528012e-01 4.832605945015459592e-01 -1.506884820076804132e+00 -7.677874849737925667e-02 -9.999999999999999799e-13 -2.502365700193982800e-02 6.022188992769995641e-01 9.202872937210688775e-01 -1.469949342577441531e-01 3.947102564631169153e-01 1.255901009430562709e+00
1.739999999999999880e-01 -9.999999999999999799e-13 8.699999999999999400e-02 6.903919042595835220e-01 0.000000000000000000e+00 -1.211424015961875544e-01 6.812553886861123509e-01 -1.447526385623977063e+00 -8.065336865683900291e-02 -9.999999999999999799e-13 -5.711753033003866276e-02 5.032709568329151173e-01 1.156790816583013637e+00 -1.431018831738515018e-01 2.478336733734606834e-01 1.406468264987311478e+00
1.739999999999999880e-01 -9.999999999999999799e-13 8.699999999999999400e-02 7.681258845269043345e-01 0.000000000000000000e+00 -1.497622763553474734e-01 7.985169020584946820e-01 -1.276476372475385368e+00 -7.844072989951235420e-02 -9.999999999999999799e-13 -9.364334011824268500e-02 3.817344507210980176e-01 1.378191805933076886e+00 -1.370128143743279125e-01 8.592899542651545597e-02 1.500965704356675090e+00
1.739999999999999880e-01 -9.999999999999999799e-13 8.026817591137842822e-02 8.172366934123586057e-01 0.000000000000000000e+00 -1.488286659088620123e-01 8.505414276293821185e-01 -1.008063518041033113e+00 -7.078668002158047812e-02 9.999999999999999799e-13 -1.213062778748287829e-01 2.384463956621979408e-01 1.577484102563100343e+00 -1.308683806984810294e-01 -8.531852556764930873e-02 1.545358930105988904e+00
1.739999999999999880e-01 -9.999999999999999799e-13 8.699999999999999400e-02 8.231375536597779208e-01 0.000000000000000000e+00 -1.559645470439723625e-01 7.807276899192414632e-01 -5.440251150815420544e-01 -5.856787328385761049e-02 9.999999999999999799e-13 -1.280851785147501254e-01 7.788460764660840030e-02 1.735302159553977042e+00 -1.226595061080849175e-01 -2.668828862192415552e-01 1.554284917361985485e+00
1.739999999999999880e-01 9.999999999999999799e-13 8.699999999999999400e-02 8.088516642186135419e-01 0.000000000000000000e+00 -1.402052720117923090e-01 6.418397275320508744e-01 0.000000000000000000e+00 -4.028731742969194479e-02 9.999999999999999799e-13 8.699999999999999400e-02 -1.209105011475563179e-01 1.787838646686977562e+00 -1.102285742596954277e-01 -4.438825659277288449e-01 1.526256677391817362e+00
1.739999999999999880e-01 9.999999999999999799e-13 8.699999999999999400e-02 7.511306702793447698e-01 0.000000000000000000e+00 -1.186038180436434358e-01 7.324668944341402588e-01 0.000000000000000000e+00 -1.884263071095521047e-02 9.999999999999999799e-13 -4.262302342075718377e-03 -3.253860193783845722e-01 1.880981319611859881e+00 -9.689785440652362580e-02 -6.004249082116428493e-01 1.465424953300903610e+00
1.739999999999999880e-01 9.999999999999999799e-13 8.699999999999999400e-02 1.046999999999999931e+00 -1.125547245151786058e+00 -1.119452870971563568e-01 7.967818644698650976e-01 0.000000000000000000e+00 3.678890997772966444e-03 9.999999999999999799e-13 5.025045639155765326e-03 -5.180035515424840087e-01 1.900420187587446463e+00 -8.517304569395171832e-02 -7.252485412303252277e-01 1.387144347079456885e+00
1.143448225715271854e-01 9.999999999999999799e-13 8.699999999999999400e-02 1.046999999999999931e+00 -1.576433160066173400e+00 -1.130720088995673944e-01 9.005757213144715001e-01 0.000000000000000000e+00 2.439077895462385404e-02 9.999999999999999799e-13 2.079378379048037184e-02 -7.065817591721017532e-01 1.880759527070065218e+00 -8.060177704002344234e-02 -7.850000000000000311e-01 1.293319212222404424e+00
3.426908830568042852e-02 9.999999999999999799e-13 8.699999999999999400e-02 1.046999999999999931e+00 -1.931811716978655724e+00 -1.417495529754435324e-01 9.928790061099247444e-01 0.000000000000000000e+00 4.339750274769498678e-02 9.999999999999999799e-13 4.403303092454281115e-02 -7.850000000000000311e-01 1.816766300209451401e+00 -7.861690069635256239e-02 -7.847002758565621017e-01 1.183839214683001018e+00
-5.252021066248960257e-02 9.999999999999999799e-13 8.699999999999999400e-02 1.046999999999999931e+00 -2.193031294384825358e+00 -2.213671581137113820e-01 1.046999999999999931e+00 0.000000000000000000e+00 6.371029365221082819e-02 9.999999999999999799e-13 7.789548413231724144e-02 -7.850000000000000311e-01 1.697996513306597954e+00 -9.082937240562503900e-02 -7.032713067754672309e-01 1.056698251215372863e+00
-1.489158729745904686e-01 9.999999999999999799e-13 8.699999999999999400e-02 1.046999999999999931e+00 -2.355999999999999872e+00 -6.330467803722357178e-01 1.046999999999999931e+00 -5.788181966720342686e-01 8.507611265838056769e-02 9.999999999999999799e-13 8.699999999999999400e-02 -7.850000000000000311e-01 1.549901686148183799e+00 -1.031263960851071526e-01 -5.322351345752883711e-01 8.538386175162546721e-01
-1.739999999999999880e-01 9.999999999999999799e-13 8.699999999999999400e-02 9.379325741994264387e-01 -2.355999999999999872e+00 -7.850000000000000311e-01 1.046999999999999931e+00 -1.194812127798310364e+00 1.082298029349329782e-01 9.999999999999999799e-13 8.699999999999999400e-02 -7.850000000000000311e-01 1.377195610464359454e+00 -1.340409420236091387e-01 -3.838152711858452415e-01 7.356221455577607315e-01
-1.739999999999999880e-01 9.999999999999999799e-13 8.699999999999999400e-02 6.077099539984636145e-01 -2.355999999999999872e+00 -7.850000000000000311e-01 1.046999999999999931e+00 -1.647896304994057814e+00 1.294738895264653245e-01 9.999999999999999799e-13 8.699999999999999400e-02 -7.850000000000000311e-01 1.178054630153716253e+00 -1.594010976153252268e-01 -2.377716933619344886e-01 6.860668362541186838e-01
-1.739999999999999880e-01 9.999999999999999799e-13 8.699999999999999400e-02 3.944915365412663411e-01 -2.289017380460582007e+00 -7.013245238838397011e-01 1.046999999999999931e+00 -2.014178197327346709e+00 1.445320626109320439e-01 9.999999999999999799e-13 8.699999999999999400e-02 -7.850000000000000311e-01 9.663519333555630197e-01 -1.875555006337014108e-01 -2.691783595598625997e-02 4.457354205680070791e-01
-1.739999999999999880e-01 9.999999999999999799e-13 8.699999999999999400e-02 2.532832623166694774e-01 -2.112998241109432129e+00 -4.443009223078831504e-01 1.046999999999999931e+00 -2.355999999999999872e+00 1.492388225877146479e-01 9.999999999999999799e-13 8.699999999999999400e-02 -7.850000000000000311e-01 7.570190398930360942e-01 -2.059742159794141214e-01 3.071602671146150820e-01 0.000000000000000000e+00
-1.739999999999999880e-01 9.999999999999999799e-13 8.699999999999999400e-02 1.955149930220182186e-01 -1.941468507920236064e+00 -3.878061098146903807e-01 6.860740130604831011e-01 -2.355999999999999872e+00 1.460348401696252574e-01 9.999999999999999799e-13 8.699999999999999400e-02 -7.530477752401818492e-01 7.496785840825097580e-01 -2.004308203774123054e-01 4.138117609494761373e-01 0.000000000000000000e+00
-1.739999999999999880e-01 9.999999999999999799e-13 8.699999999999999400e-02 2.133911638595379634e-01 -1.820989734914233438e+00 -2.230009528040917954e-01 1.655731379264190894e-01 -2.355999999999999872e+00 1.390643638396393544e-01 9.999999999999999799e-13 8.699999999999999400e-02 -6.907654246735300818e-01 9.073445666178878710e-01 -1.865846729132330517e-01 5.321155848005304501e-01 0.000000000000000000e+00
-1.739999999999999880e-01 9.999999999999999799e-13 8.699999999999999400e-02 3.091080775741817943e-01 -1.709986423014170143e+00 -1.188878705301525812e-01 -4.524205249331625378e-02 -2.291006703045758819e+00 1.176736065920055280e-01 9.999999999999999799e-13 8.699999999999999400e-02 -5.581158683658954400e-01 9.562581386816706441e-01 -1.658830091621571190e-01 6.481419977315985292e-01 0.000000000000000000e+00
-1.739999999999999880e-01 9.999999999999999799e-13 8.699999999999999400e-02 4.554660152976441334e-01 -1.574437267358925752e+00 -2.972108635072840954e-01 -1.298815239098488339e-01 -2.090717275468701786e+00 8.620293124202088597e-02 9.999999999999999799e-13 8.699999999999999400e-02 -3.601549296695256142e-01 9.214638053777628457e-01 -1.355414630071898052e-01 7.511895052280350704e-01 0.000000000000000000e+00
-1.645186962277985984e-02 9.999999999999999799e-13 8.699999999999999400e-02 4.309338441585119361e-01 -1.537569808941563032e+00 -3.066097601340397327e-01 -3.639771813560945257e-01 -1.938466300236336259e+00 5.041472436660184714e-02 9.999999999999999799e-13 8.699999999999999400e-02 -1.272407227512717398e-01 8.302180606959108644e-01 -1.331326428754382174e-01 7.850000000000000311e-01 0.000000000000000000e+00
1.739999999999999880e-01 9.999999999999999799e-13 8.699999999999999400e-02 4.266525062134958746e-01 -1.618395185946159387e+00 8.699999999999999400e-02 -5.427180993951307153e-01 -1.834009699899981527e+00 1.169924135321168471e-02 9.999999999999999799e-13 8.699999999999999400e-02 1.327014421977383285e-01 6.825803231472900023e-01 -1.691391163508034756e-01 7.850000000000000311e-01 0.000000000000000000e+00
1.739999999999999880e-01 -9.999999999999999799e-13 8.699999999999999400e-02 6.675323268166430957e-01 -1.584766736941441323e+00 -1.397047666971001634e-01 -4.063402153324878752e-01 -1.761987684543187882e+00 -2.334177075997002568e-02 -9.999999999999999799e-13 8.699999999999999400e-02 4.048758349129913947e-01 4.698189118119184826e-01 -2.202293879039587121e-01 7.850000000000000311e-01 0.000000000000000000e+00
1.739999999999999880e-01 -9.999999999999999799e-13 8.699999999999999400e-02 8.226653514098144493e-01 -1.422418699083825899e+00 -3.644166815010629890e-02 -2.068474458457620624e-01 -1.714215710545587967e+00 -4.891428058953456448e-02 -9.999999999999999799e-13 8.699999999999999400e-02 7.022270264805331452e-01 1.461943765312536669e-01 -2.783134809769713947e-01 7.850000000000000311e-01 0.000000000000000000e+00
1.739999999999999880e-01 -9.999999999999999799e-13 8.699999999999999400e-02 8.899930117592609324e-01 -1.162608299261616907e+00 3.426881307424918532e-02 -2.409824774022524541e-02 -1.602177732821246536e+00 -6.561532492327575017e-02 -9.999999999999999799e-13 8.699999999999999400e-02 7.850000000000000311e-01 1.244207522563200996e-01 -1.588705119576370173e-01 7.850000000000000311e-01 6.550783967763997850e-01
1.739999999999999880e-01 -9.999999999999999799e-13 8.699999999999999400e-02 8.609097140679297100e-01 -7.915666432464512070e-01 1.910110059696200346e-02 1.409788739199911434e-01 -1.502341948330130350e+00 -7.331246448516030856e-02 -9.999999999999999799e-13 7.619018975103719615e-02 7.850000000000000311e-01 3.719914331155145248e-01 6.767517463098926545e-02 6.848853554996666704e-01 1.053202361248340324e+00
1.739999999999999880e-01 -9.999999999999999799e-13 8.699999999999999400e-02 6.054277520645418020e-01 0.000000000000000000e+00 -5.574913661006326848e-02 3.272663077680331711e-01 -1.530054648647693583e+00 -7.637038024880971054e-02 -9.999999999999999799e-13 5.642358327620990155e-02 7.358367369558438398e-01 6.339850380472302760e-01 8.699999999999999400e-02 5.610494859164252279e-01 1.282496420316443064e+00
1.739999999999999880e-01 -9.999999999999999799e-13 8.699999999999999400e-02 6.964606204881238494e-01 0.000000000000000000e+00 -5.638243106823295769e-02 5.550027702569280130e-01 -1.509946039633346615e+00 -7.420113223267946201e-02 -9.999999999999999799e-13 -2.156232060236377979e-02 6.522928946160225783e-01 9.116010674991930074e-01 8.699999999999999400e-02 4.005879149852414889e-01 1.460172837064830809e+00
1.739999999999999880e-01 -9.999999999999999799e-13 8.699999999999999400e-02 7.688253585075985885e-01 0.000000000000000000e+00 -9.333818833265662696e-02 7.017190358861963295e-01 -1.391024901449135598e+00 -7.075702109022974362e-02 -9.999999999999999799e-13 -5.885405627833761866e-02 5.462649637188413676e-01 1.155723459073035642e+00 -1.215239714090504269e-01 2.106551015317642273e-01 1.501358245617284481e+00
1.739999999999999880e-01 -9.999999999999999799e-13 8.699999999999999400e-02 8.062601207035750006e-01 0.000000000000000000e+00 -9.660605335516400660e-02 8.057116363843721540e-01 -1.196750348025309663e+00 -6.501287797020925685e-02 -9.999999999999999799e-13 -1.125752147502440403e-01 4.335420415324929833e-01 1.383401210608272258e+00 -1.222035414961354510e-01 1.162213566132204445e-02 1.576606159776930305e+00
1.739999999999999880e-01 -9.999999999999999799e-13 8.699999999999999400e-02 8.078233720410656904e-01 0.000000000000000000e+00 -1.019454045324946073e-01 8.361831453987624840e-01 -9.054148822968191013e-01 -5.386376433845356526e-02 9.999999999999999799e-13 -1.476099307968521679e-01 2.977377019145729387e-01 1.587521816473546288e+00 -1.236680502996389402e-01 -1.929035810776467963e-01 1.603330718588470205e+00
1.739999999999999880e-01 9.999999999999999799e-13 8.699999999999999400e-02 7.801840141482553337e-01 0.000000000000000000e+00 -1.030981636710939092e-01 7.340025069630568000e-01 -3.976017116536478824e-01 -3.621755639935359677e-02 9.999999999999999799e-13 -1.557900769721007606e-01 1.210587706465331981e-01 1.756642036523930805e+00 -1.225051812694434306e-01 -3.894636859046893829e-01 1.579213706661965588e+00
1.739999999999999880e-01 9.999999999999999799e-13 8.699999999999999400e-02 1.027288642195333113e+00 -7.117200126093807810e-01 -8.891888358603126929e-02 6.543116648585135531e-01 0.000000000000000000e+00 -1.408211047369914773e-02 9.999999999999999799e-13 8.699999999999999400e-02 -1.145366751122643134e-01 1.818084376979371086e+00 -1.151210007454587375e-01 -5.586311897093074741e-01 1.514935822372772911e+00
1.739999999999999880e-01 9.999999999999999799e-13 8.699999999999999400e-02 1.046999999999999931e+00 -1.371829621767298057e+00 -7.857680606722246275e-02 7.350527709883876160e-01 0.000000000000000000e+00 9.013178999318329637e-03 9.999999999999999799e-13 -1.069128842784976274e-01 -3.126854683585613692e-01 1.946567198280524380e+00 -1.032860626590281217e-01 -6.916161308173953692e-01 1.425108863317062102e+00
9.281400567596324869e-02 9.999999999999999799e-13 8.699999999999999400e-02 1.046999999999999931e+00 -1.751181126539536947e+00 -8.438636777482674822e-02 8.738756309954250900e-01 0.000000000000000000e+00 2.994540059967094880e-02 9.999999999999999799e-13 -4.291841866624121872e-04 -5.382504723394423429e-01 1.946940760988711716e+00 -9.308711529343421942e-02 -7.793971263478857159e-01 1.327437357551936259e+00
8.360223965596070075e-03 9.999999999999999799e-13 8.699999999999999400e-02 1.046999999999999931e+00 -2.058652612057592535e+00 -1.371936552211306670e-01 9.799825047324136618e-01 0.000000000000000000e+00 4.938130519681841607e-02 9.999999999999999799e-13 2.167181934090260664e-02 -7.411317408095349224e-01 1.930405550020237726e+00 -9.107078656236435033e-02 -7.850000000000000311e-01 1.250081797584310372e+00
-7.473428658844837036e-02 9.999999999999999799e-13 8.699999999999999400e-02 1.046999999999999931e+00 -2.285504493845635032e+00 -2.668717728793461585e-01 1.046999999999999931e+00 0.000000000000000000e+00 6.899682463437172009e-02 9.999999999999999799e-13 4.925406884067459745e-02 -7.850000000000000311e-01 1.859717247886956137e+00 -9.570220633824237655e-02 -7.793893606710069477e-01 1.132909769141631884e+00
-1.601099330701385159e-01 9.999999999999999799e-13 8.699999999999999400e-02 1.046999999999999931e+00 -2.355999999999999872e+00 -6.331613071720048058e-01 1.046999999999999931e+00 -5.274159583884898694e-01 8.864632186131748970e-02 9.999999999999999799e-13 8.699999999999999400e-02 -7.850000000000000311e-01 1.725159718949389465e+00 -1.104950699220396543e-01 -6.617557406325681457e-01 9.604018438136829872e-01
-1.739999999999999880e-01 -9.999999999999999799e-13 8.699999999999999400e-02 7.584632084524438600e-01 -2.355999999999999872e+00 -7.850000000000000311e-01 1.046999999999999931e+00 -1.141079783349306709e+00 1.082857957929241194e-01 9.999999999999999799e-13 8.699999999999999400e-02 -7.850000000000000311e-01 1.558696772419318144e+00 -1.251349734391042079e-01 -4.817392382288878117e-01 7.271233419128932951e-01
-1.739999999999999880e-01 -9.999999999999999799e-13 8.699999999999999400e-02 4.558654922305081514e-01 -2.355999999999999872e+00 -7.850000000000000311e-01 1.046999999999999931e+00 -1.571545504297087170e+00 1.296717720270589569e-01 9.999999999999999799e-13 8.699999999999999400e-02 -7.850000000000000311e-01 1.341513187210694902e+00 -1.571150352803286632e-01 -3.160392054664968864e-01 5.773650375823731196e-01
-1.739999999999999880e-01 -9.999999999999999799e-13 8.699999999999999400e-02 2.592966112175488225e-01 -2.311904864792833525e+00 -7.850000000000000311e-01 1.046999999999999931e+00 -1.897244184880460871e+00 1.492501842242226207e-01 9.999999999999999799e-13 8.699999999999999400e-02 -7.850000000000000311e-01 1.094053748048216868e+00 -1.782402528875810244e-01 -1.701978317734129664e-01 5.239410599096858689e-01
-1.739999999999999880e-01 9.999999999999999799e-13 8.699999999999999400e-02 1.609046829627793218e-01 -2.180172811726276194e+00 -7.850000000000000311e-01 1.046999999999999931e+00 -2.118888965744974762e+00 1.587435992341604263e-01 9.999999999999999799e-13 8.699999999999999400e-02 -7.850000000000000311e-01 8.160784533474298996e-01 -2.092985439277642024e-01 1.943050271807033880e-01 0.000000000000000000e+00
-1.739999999999999880e-01 9.999999999999999799e-13 8.699999999999999400e-02 1.244482607784474226e-01 -2.037254786716125921e+00 -7.850000000000000311e-01 8.181133591460982846e-01 -2.198171033804586116e+00 1.609203025163014888e-01 9.999999999999999799e-13 8.699999999999999400e-02 -7.731799445708502638e-01 6.357038255973526120e-01 -2.196972747570472562e-01 3.074826443740826809e-01 0.000000000000000000e+00
-1.739999999999999880e-01 9.999999999999999799e-13 8.699999999999999400e-02 9.418046538657773303e-02 -1.899594747077886225e+00 -3.837214465389710560e-01 2.185302662649908079e-01 -2.355999999999999872e+00 1.565273611139052501e-01 9.999999999999999799e-13 8.699999999999999400e-02 -7.278162625774807770e-01 7.897877215275439511e-01 -2.127550592899267734e-01 4.207221865064852406e-01 0.000000000000000000e+00
-1.739999999999999880e-01 9.999999999999999799e-13 8.699999999999999400e-02 1.597603348687275382e-01 -1.800772765280195031e+00 -2.056861498908720554e-01 -3.571119597384044692e-02 -2.314278391982343752e+00 1.441189113529122712e-01 9.999999999999999799e-13 8.699999999999999400e-02 -6.460402197306773786e-01 9.304425142249961311e-01 -1.959910840464927084e-01 5.421117937867196979e-01 0.000000000000000000e+00
-1.739999999999999880e-01 9.999999999999999799e-13 8.699999999999999400e-02 2.964402955599837464e-01 -1.690234761110940731e+00 -1.277270458680360710e-01 -1.391993007574408303e-01 -2.171610742435558628e+00 1.188817807209277960e-01 9.999999999999999799e-13 8.699999999999999400e-02 -4.865103211895538404e-01 9.288261040624874454e-01 -1.750251248221499356e-01 6.592849400216393985e-01 0.000000000000000000e+00
-1.739999999999999880e-01 9.999999999999999799e-13 8.699999999999999400e-02 4.654544608185314236e-01 -1.546353762365368922e+00 -8.472154004301279961e-02 -1.153028212745444842e-01 -2.072851366956433239e+00 8.754842459406672606e-02 9.999999999999999799e-13 8.699999999999999400e-02 -2.764257660187955934e-01 8.828647809086547227e-01 -1.561756623833895075e-01 7.606022125736933148e-01 0.000000000000000000e+00
-2.590908297532228469e-02 9.999999999999999799e-13 8.699999999999999400e-02 4.896606498410517316e-01 -1.546490502384580523e+00 8.699999999999999400e-02 -3.070792643868685556e-01 -1.968994770465077870e+00 5.192311383015606879e-02 9.999999999999999799e-13 8.699999999999999400e-02 -2.596248918305151671e-02 7.559954488884956803e-01 -1.726964658903037131e-01 7.850000000000000311e-01 0.000000000000000000e+00
1.739999999999999880e-01 -9.999999999999999799e-13 8.699999999999999400e-02 4.563019972174766625e-01 -1.607235072742143167e+00 -2.140420303761423615e-01 -5.234730844097847946e-01 -1.771116584441148056e+00 1.309587617742308599e-02 9.999999999999999799e-13 8.699999999999999400e-02 2.480307016175326007e-01 5.718061249705153060e-01 -2.218492071923808540e-01 7.850000000000000311e-01 0.000000000000000000e+00
1.739999999999999880e-01 -9.999999999999999799e-13 8.699999999999999400e-02 6.866603557076282893e-01 -1.547054909695198432e+00 -1.431370301621027463e-01 -3.685299294187657781e-01 -1.744175176671314276e+00 -2.091050840439796429e-02 9.999999999999999799e-13 8.340818127279811534e-02 5.182199542241862078e-01 3.416052130766757955e-01 -2.854585525965376291e-01 7.850000000000000311e-01 0.000000000000000000e+00
1.739999999999999880e-01 -9.999999999999999799e-13 8.699999999999999400e-02 8.298777841172767511e-01 -1.374587347602649778e+00 -1.075701103957076299e-01 -1.780799908696203693e-01 -1.661522215947967673e+00 -4.555241435816910489e-02 -9.999999999999999799e-13 5.329576401217100273e-02 7.192896938973589727e-01 1.986937247283560026e-01 -3.503161694220599531e-01 7.850000000000000311e-01 0.000000000000000000e+00
1.739999999999999880e-01 -9.999999999999999799e-13 8.699999999999999400e-02 8.822167079909343235e-01 -1.094301626206032552e+00 -9.984307214207285147e-03 8.061716275850307895e-03 -1.513064380044625068e+00 -6.081750095766330633e-02 -9.999999999999999799e-13 2.306483838549245116e-02 7.645660903387924145e-01 3.318405335287906155e-01 -2.205112660790550239e-01 7.850000000000000311e-01 6.006830347265266212e-01
1.739999999999999880e-01 -9.999999999999999799e-13 8.699999999999999400e-02 8.279648163742490130e-01 -6.715625333085597504e-01 -7.242726045480721297e-02 1.882558844607398196e-01 -1.482075301336781337e+00 -7.017017070012451785e-02 -9.999999999999999799e-13 1.016732398410464915e-02 7.539159690399691582e-01 5.258570829046753659e-01 -1.750603393943674091e-01 6.799850749966456220e-01 9.306178355774070710e-01
1.739999999999999880e-01 -9.999999999999999799e-13 8.699999999999999400e-02 6.274266380240012264e-01 0.000000000000000000e+00 -1.253048385583479529e-01 3.721618832967488189e-01 -1.477231446930785452e+00 -7.421690861887382529e-02 -9.999999999999999799e-13 -1.088584782638827297e-01 7.132175880790596612e-01 7.947701632828430007e-01 -1.690950498038073790e-01 5.384155642160006749e-01 1.149152036834513169e+00
1.739999999999999880e-01 -9.999999999999999799e-13 5.514482030851228234e-02 7.188798788579187082e-01 0.000000000000000000e+00 -1.411310952840852673e-01 5.805189701972454097e-01 -1.421401140051360201e+00 -7.306396530462949679e-02 -9.999999999999999799e-13 -1.552531189214615970e-01 6.670184220030889177e-01 1.009339579739570780e+00 -1.674521570944235427e-01 3.836933939635555069e-01 1.294111659283047722e+00
1.739999999999999880e-01 -9.999999999999999799e-13 2.122572594988521993e-02 7.846710036032349400e-01 0.000000000000000000e+00 -1.732315853007233564e-01 7.147789179280484850e-01 -1.256581133406846185e+00 -6.956883407135920627e-02 -9.999999999999999799e-13 -1.888971880130724534e-01 5.828808263151106228e-01 1.223826405619952595e+00 -1.646632540947335077e-01 2.118428847735414067e-01 1.393947996411879053e+00
1.739999999999999880e-01 -9.999999999999999799e-13 2.412631926948143740e-02 8.026848424728399989e-01 0.000000000000000000e+00 -1.913755033737416233e-01 7.769679901806789690e-01 -9.939753803268862598e-01 -6.179181197575128737e-02 9.999999999999999799e-13 -2.197773315276850548e-01 4.834664710972623736e-01 1.420629621491555028e+00 -1.619617444993277366e-01 2.270719911248521988e-02 1.449900871315654705e+00
1.739999999999999880e-01 -9.999999999999999799e-13 8.032696268375510984e-02 7.839389378790514451e-01 0.000000000000000000e+00 -1.978767406687136354e-01 7.334383472833919670e-01 -5.775645586255375719e-01 -4.872673926454394039e-02 9.999999999999999799e-13 -2.251154169800652360e-01 3.428017140109013150e-01 1.603841780653618265e+00 -1.592204356106635410e-01 -1.734140345164238706e-01 1.467231368297406746e+00
1.739999999999999880e-01 -9.999999999999999799e-13 8.699999999999999400e-02 7.294100260646135814e-01 0.000000000000000000e+00 -1.900063962965431730e-01 5.852333305263226482e-01 0.000000000000000000e+00 -2.823772803925687566e-02 9.999999999999999799e-13 -2.046897329105128172e-01 1.559449163916998005e-01 1.752858721346433057e+00 -1.532207877059118539e-01 -3.575150528461917276e-01 1.434292547553390307e+00
1.739999999999999880e-01 -9.999999999999999799e-13 8.699999999999999400e-02 1.046999999999999931e+00 -9.693956695587999661e-01 -1.692500601230724211e-01 6.798322985023024234e-01 0.000000000000000000e+00 -5.150950315159706985e-03 9.999999999999999799e-13 -1.646096281867026334e-01 -6.202441339490430416e-02 1.858711690816628348e+00 -1.417277682600033006e-01 -5.205538184563845983e-01 1.370267527794146289e+00
1.533375684242083148e-01 9.999999999999999799e-13 8.699999999999999400e-02 1.046999999999999931e+00 -1.501245206330285242e+00 -1.564442741359359512e-01 7.776818159637240990e-01 0.000000000000000000e+00 1.740747459310842266e-02 9.999999999999999799e-13 -1.222999959234148670e-01 -2.887097620541833054e-01 1.926917278363853292e+00 -1.298839251145685880e-01 -6.521786095617784218e-01 1.289015812817775775e+00
5.560915955880542383e-02 9.999999999999999799e-13 8.699999999999999400e-02 1.046999999999999931e+00 -1.842967534970703980e+00 -1.688817168733660057e-01 9.315555047770717190e-01 0.000000000000000000e+00 3.853324090679836889e-02 9.999999999999999799e-13 -2.145232730751045133e-03 -5.198204262453550717e-01 1.923071053327895186e+00 -1.218426378779289554e-01 -7.402904092219300125e-01 1.197651325206556372e+00
-3.091401616265738311e-02 9.999999999999999799e-13 8.699999999999999400e-02 1.046999999999999931e+00 -2.122889772580734302e+00 -2.138902945448218906e-01 1.046999999999999931e+00 0.000000000000000000e+00 5.818624768503875139e-02 9.999999999999999799e-13 2.162675693729165793e-02 -7.173127656163849064e-01 1.902102921864289087e+00 -1.224434734699588051e-01 -7.650927324557107445e-01 1.093574625467226724e+00
-1.233405939867591589e-01 9.999999999999999799e-13 8.699999999999999400e-02 1.046999999999999931e+00 -2.317523170109481612e+00 -3.928487779086352050e-01 1.046999999999999931e+00 0.000000000000000000e+00 7.963413022731842539e-02 9.999999999999999799e-13 5.201889940787744054e-02 -7.850000000000000311e-01 1.823286641079993942e+00 -1.281691657625892156e-01 -7.289010054977890229e-01 9.721612990551928846e-01
-1.739999999999999880e-01 9.999999999999999799e-13 8.699999999999999400e-02 9.639175147052049253e-01 -2.355999999999999872e+00 -7.850000000000000311e-01 1.046999999999999931e+00 -6.763351843905889282e-01 1.017809855815746400e-01 9.999999999999999799e-13 8.699999999999999400e-02 -7.850000000000000311e-01 1.688264793642013650e+00 -1.446052498872027747e-01 -6.028176094900078441e-01 7.819628968462026819e-01
-1.739999999999999880e-01 9.999999999999999799e-13 8.699999999999999400e-02 6.082241557642471541e-01 -2.355999999999999872e+00 -7.850000000000000311e-01 1.046999999999999931e+00 -1.289794661887240679e+00 1.252571251066967872e-01 9.999999999999999799e-13 8.699999999999999400e-02 -7.850000000000000311e-01 1.522216931231495707e+00 -1.602135259295088265e-01 -3.914437785834354311e-01 4.826570950526241077e-01
-1.739999999999999880e-01 9.999999999999999799e-13 8.699999999999999400e-02 3.161648088562937220e-01 -2.355999999999999872e+00 -7.850000000000000311e-01 1.046999999999999931e+00 -1.717488149783473972e+00 1.497844905282242345e-01 9.999999999999999799e-13 8.699999999999999400e-02 -7.850000000000000311e-01 1.313608945968049113e+00 -2.014539926137431380e-01 -2.565898992360990949e-01 4.119649920259309539e-01
-1.739999999999999880e-01 9.999999999999999799e-13 8.699999999999999400e-02 1.486837746403733840e-01 -2.291252473844660908e+00 -7.850000000000000311e-01 1.046999999999999931e+00 -2.035682421284755961e+00 1.673313121529689806e-01 9.999999999999999799e-13 8.699999999999999400e-02 -7.850000000000000311e-01 1.055951032690018998e+00 -2.224591507663946643e-01 -7.957325128922396185e-02 2.892102245457177645e-01
-1.739999999999999880e-01 9.999999999999999799e-13 8.699999999999999400e-02 9.605533780593356052e-02 -2.144121268844433992e+00 -7.850000000000000311e-01 1.046999999999999931e+00 -2.238126725505216186e+00 1.727478719161214260e-01 9.999999999999999799e-13 8.699999999999999400e-02 -7.850000000000000311e-01 7.645942516612898032e-01 -2.468066987594068340e-01 1.761975429775895496e-01 0.000000000000000000e+00
-1.739999999999999880e-01 9.999999999999999799e-13 8.699999999999999400e-02 7.827684176500523949e-02 -1.997314757239284866e+00 -6.711820321763082298e-01 5.815013649696553211e-01 -2.355999999999999872e+00 1.695695766546912453e-01 9.999999999999999799e-13 8.699999999999999400e-02 -7.552740781610868259e-01 5.643566384991620666e-01 -2.535418444573499519e-01 2.957114466527040464e-01 0.000000000000000000e+00
-1.739999999999999880e-01 9.999999999999999799e-13 8.699999999999999400e-02 8.152558921982837326e-02 -1.860349416803345868e+00 -3.415237340240127040e-01 2.628798267925568782e-02 -2.355999999999999872e+00 1.628829582989667624e-01 9.999999999999999799e-13 8.699999999999999400e-02 -7.030549580887706096e-01 6.858722470716411834e-01 -2.417195903490006736e-01 4.113767963702139596e-01 0.000000000000000000e+00
-1.739999999999999880e-01 9.999999999999999799e-13 8.699999999999999400e-02 1.578538998001120797e-01 -1.770866253131347712e+00 -1.860904635768174109e-01 -1.747726526666828206e-01 -2.311563765236106516e+00 1.479915371886890429e-01 9.999999999999999799e-13 8.699999999999999400e-02 -6.431889534242926088e-01 8.861097151359595969e-01 -2.200132919343622262e-01 5.395043761656904691e-01 0.000000000000000000e+00
-1.739999999999999880e-01 9.999999999999999799e-13 8.699999999999999400e-02 2.903928619993750848e-01 -1.673930660898198752e+00 -1.199406395102989853e-01 -2.298878692801191170e-01 -2.160961066394632368e+00 1.198631664124066021e-01 9.999999999999999799e-13 8.699999999999999400e-02 -4.906047479326845484e-01 9.052669330348557253e-01 -1.948194568077969702e-01 6.593388872323634464e-01 0.000000000000000000e+00
-1.739999999999999880e-01 9.999999999999999799e-13 8.699999999999999400e-02 4.387621588967910435e-01 -1.524040152125177627e+00 4.738558399548686850e-02 -2.104902583514432768e-01 -2.073176015608090950e+00 8.362406827944911247e-02 9.999999999999999799e-13 8.699999999999999400e-02 -2.844607855928515394e-01 8.750144587772057392e-01 -1.673331485293008680e-01 7.646281397049849993e-01 0.000000000000000000e+00
3.812429806992723852e-02 9.999999999999999799e-13 8.699999999999999400e-02 3.462392381895935123e-01 -1.514126530329402698e+00 8.699999999999999400e-02 -4.706964810412990197e-01 -1.873206894576483705e+00 4.218669940855493405e-02 9.999999999999999799e-13 8.699999999999999400e-02 -3.919298985547873398e-02 7.712019680524280218e-01 -1.872419397486116410e-01 7.850000000000000311e-01 0.000000000000000000e+00
1.739999999999999880e-01 -9.999999999999999799e-13 8.699999999999999400e-02 3.800824544630337365e-01 -1.591764186253445956e+00 8.699999999999999400e-02 -5.717666115783743841e-01 -1.766687261304555889e+00 -4.478221127739207994e-04 9.999999999999999799e-13 8.699999999999999400e-02 2.219930810834778445e-01 6.262451361977552367e-01 -2.359837789050121259e-01 7.850000000000000311e-01 0.000000000000000000e+00
1.739999999999999880e-01 -9.999999999999999799e-13 8.699999999999999400e-02 6.344450256431638513e-01 -1.584613378314257304e+00 8.699999999999999400e-02 -4.106770572495067606e-01 -1.755320854459317736e+00 -3.545785586546972706e-02 9.999999999999999799e-13 8.699999999999999400e-02 4.847294001079358594e-01 4.234980803254639881e-01 -3.028374067400071978e-01 7.850000000000000311e-01 0.000000000000000000e+00
1.739999999999999880e-01 -9.999999999999999799e-13 8.699999999999999400e-02 8.091347330414718764e-01 -1.453602824845322772e+00 8.699999999999999400e-02 -2.041467360425710531e-01 -1.694337374941540908e+00 -5.640953739182626853e-02 -9.999999999999999799e-13 7.944401054565586318e-02 7.288582238768908095e-01 1.952573113330888788e-01 -3.212571524446427018e-01 7.850000000000000311e-01 1.934848867745131429e-01
1.739999999999999880e-01 -9.999999999999999799e-13 8.699999999999999400e-02 8.948997287244186971e-01 -1.231739607209649812e+00 1.157807912270097798e-04 -2.251112141348496007e-02 -1.496994423267336671e+00 -6.381328575803320302e-02 -9.999999999999999799e-13 8.168194329960605515e-02 7.850000000000000311e-01 0.000000000000000000e+00 -1.694063121511518999e-01 7.850000000000000311e-01 7.611282665072316433e-01
1.739999999999999880e-01 -9.999999999999999799e-13 8.699999999999999400e-02 8.898192062000210845e-01 -9.037535495918778139e-01 -4.840359946080416420e-02 1.482925132165344717e-01 -1.504547247088714457e+00 -6.484982330539837414e-02 -9.999999999999999799e-13 5.529914840131491816e-02 7.850000000000000311e-01 3.165115428638642925e-01 4.993856707789107174e-02 6.336614105155973231e-01 1.120004816256961355e+00
1.739999999999999880e-01 -9.999999999999999799e-13 8.699999999999999400e-02 7.291252375717902634e-01 -3.057783845727017891e-01 -1.059129894045266612e-01 2.817577132862814637e-01 -1.507690446022518671e+00 -6.214455877800476036e-02 -9.999999999999999799e-13 3.287570482626053781e-02 7.601265134452556138e-01 6.015276102801498936e-01 8.699999999999999400e-02 4.964625578139847395e-01 1.325634300031719448e+00
1.739999999999999880e-01 -9.999999999999999799e-13 8.699999999999999400e-02 6.843096542241972058e-01 0.000000000000000000e+00 -1.256828701241575752e-01 4.858653858234550094e-01 -1.493433384783498852e+00 -5.686667845262172172e-02 9.999999999999999799e-13 -4.543963493879230042e-02 6.673883888828880950e-01 8.687707064439722515e-01 -1.402800438807670913e-01 3.113510574355733418e-01 1.372804836284219121e+00
1.739999999999999880e-01 -9.999999999999999799e-13 4.894604666595177983e-02 7.580496868283655987e-01 0.000000000000000000e+00 -1.571623147633421647e-01 6.558345472352018479e-01 -1.397698254596597245e+00 -4.983995263542338044e-02 9.999999999999999799e-13 -7.822094056534673046e-02 5.615574359376146463e-01 1.094535513067267374e+00 -1.378827504312915841e-01 1.086520995208700019e-01 1.462637059593146382e+00
1.739999999999999880e-01 -9.999999999999999799e-13 3.310554356134992604e-02 7.869083266677268096e-01 0.000000000000000000e+00 -1.792205352633975401e-01 7.682468821306849271e-01 -1.218984536829921694e+00 -3.758303105238033903e-02 9.999999999999999799e-13 -1.213527460593419038e-01 4.390632873978260742e-01 1.305647232807106484e+00 -1.385414044438523506e-01 -1.011328106040201708e-01 1.488949064647494325e+00
1.739999999999999880e-01 -9.999999999999999799e-13 6.521639402769272009e-02 7.755463421708451710e-01 0.000000000000000000e+00 -1.848234217208820085e-01 8.232080190162931466e-01 -9.696583665369242766e-01 -2.222570850141821625e-02 9.999999999999999799e-13 -1.457242710260889806e-01 2.960511284310960445e-01 1.487601437293308848e+00 -1.368350066346879224e-01 -2.897605031992926961e-01 1.464444287340889161e+00
1.739999999999999880e-01 -9.999999999999999799e-13 8.699999999999999400e-02 7.333196491867093325e-01 0.000000000000000000e+00 -1.826342024502030092e-01 7.847345250543575901e-01 -5.842860241852250169e-01 -4.643125782782978961e-04 9.999999999999999799e-13 -1.468731324693570428e-01 1.151895488215212149e-01 1.634737685481649550e+00 -1.330102727403980889e-01 -4.539617471651565817e-01 1.388963742460973982e+00
1.272080266209483224e-01 -9.999999999999999799e-13 8.699999999999999400e-02 1.046999999999999931e+00 -9.262781752733983964e-01 -1.694609533308441274e-01 6.710311846131388203e-01 0.000000000000000000e+00 2.458463682290671845e-02 9.999999999999999799e-13 -1.326833104953017428e-01 -9.223319740534742517e-02 1.741585188729882105e+00 -1.254695108695307315e-01 -5.807273616755075363e-01 1.278478410327640979e+00
1.192202741127859275e-02 -9.999999999999999799e-13 8.699999999999999400e-02 1.046999999999999931e+00 -1.390235025945001368e+00 -1.492223514200691770e-01 8.756069823380873141e-01 0.000000000000000000e+00 4.769303690082284802e-02 9.999999999999999799e-13 -2.193178342233980532e-02 -3.155101311526558039e-01 1.774637996375190596e+00 -1.204315358943510994e-01 -6.708834447225179298e-01 1.166916661113779341e+00
-9.377246877296560590e-02 -9.999999999999999799e-13 8.699999999999999400e-02 1.046999999999999931e+00 -1.757057116219966630e+00 -1.543582377460283872e-01 1.036756054916546654e+00 0.000000000000000000e+00 7.015100115963293637e-02 9.999999999999999799e-13 -1.026365714662686932e-02 -5.295785668544359392e-01 1.804635724660499818e+00 -1.179489766921650029e-01 -7.221209943243520613e-01 1.061952308656880284e+00
-1.739999999999999880e-01 9.999999999999999799e-13 8.699999999999999400e-02 1.046999999999999931e+00 -2.028585937621284252e+00 -2.571300573264543865e-01 1.046999999999999931e+00 0.000000000000000000e+00 9.122377161486495967e-02 9.999999999999999799e-13 1.313345460675986211e-02 -7.333835332712497213e-01 1.782925649574847782e+00 -1.194901142845800068e-01 -7.096675805905936496e-01 9.385304429194860631e-01
-1.739999999999999880e-01 9.999999999999999799e-13 8.699999999999999400e-02 1.046999999999999931e+00 -2.260044351281218944e+00 -5.121133988839365880e-01 1.046999999999999931e+00 -3.132764807053316503e-01 1.124796453048713257e-01 9.999999999999999799e-13 3.969409667177038054e-02 -7.850000000000000311e-01 1.708280587181379317e+00 -1.258082660192763880e-01 -6.416084148115789310e-01 7.928124370518290220e-01
-1.739999999999999880e-01 9.999999999999999799e-13 8.699999999999999400e-02 9.110986106083969194e-01 -2.355999999999999872e+00 -7.850000000000000311e-01 1.046999999999999931e+00 -1.030389395355120641e+00 1.352312408733166993e-01 9.999999999999999799e-13 7.470201581523110146e-02 -7.850000000000000311e-01 1.582862732106243620e+00 -1.347636604856417009e-01 -4.893279544552194826e-01 5.591133445111093891e-01
-1.739999999999999880e-01 9.999999999999999799e-13 8.699999999999999400e-02 5.531157451587063179e-01 -2.355999999999999872e+00 -7.850000000000000311e-01 1.046999999999999931e+00 -1.516675932337435029e+00 1.595555639751963239e-01 9.999999999999999799e-13 8.699999999999999400e-02 -7.850000000000000311e-01 1.421016232497160914e+00 -1.680494381214256427e-01 -4.074015861725925336e-01 5.343162159454966087e-01
-1.739999999999999880e-01 9.999999999999999799e-13 8.699999999999999400e-02 2.903715722261606125e-01 -2.310037060832618838e+00 -7.850000000000000311e-01 1.046999999999999931e+00 -1.861883501178703604e+00 1.739999999999999880e-01 9.999999999999999799e-13 8.699999999999999400e-02 -7.850000000000000311e-01 1.206680225140338791e+00 -1.869006854881414825e-01 -3.003092900329825676e-01 5.612953456683937858e-01
-1.739999999999999880e-01 9.999999999999999799e-13 8.699999999999999400e-02 1.456969146196948894e-01 -2.180760569823801731e+00 -7.850000000000000311e-01 1.046999999999999931e+00 -2.113033971456169446e+00 1.739999999999999880e-01 9.999999999999999799e-13 8.699999999999999400e-02 -7.850000000000000311e-01 9.298370985832615787e-01 -2.055160682825571961e-01 -1.116139414054801854e-01 4.238969004587263001e-01
-1.739999999999999880e-01 9.999999999999999799e-13 8.699999999999999400e-02 9.956670973013780068e-02 -2.036628364116657153e+00 -7.850000000000000311e-01 1.046999999999999931e+00 -2.247686518422573165e+00 1.739999999999999880e-01 9.999999999999999799e-13 8.699999999999999400e-02 -7.850000000000000311e-01 6.934599103184808655e-01 -2.196700433241534633e-01 2.260176662822091509e-01 0.000000000000000000e+00
-1.739999999999999880e-01 9.999999999999999799e-13 8.699999999999999400e-02 1.195828491739107241e-01 -1.904885239162775967e+00 -4.888805253799651251e-01 4.665077004412135908e-01 -2.355999999999999872e+00 1.632947571232723494e-01 9.999999999999999799e-13 8.699999999999999400e-02 -7.798214482943430781e-01 5.787955592974611818e-01 -2.142718545683708065e-01 3.491390188525460014e-01 0.000000000000000000e+00
-1.739999999999999880e-01 9.999999999999999799e-13 8.699999999999999400e-02 1.854201033072521432e-01 -1.809866657531197021e+00 -2.688886578553119078e-01 2.517752140200106917e-02 -2.355999999999999872e+00 1.525212344209489757e-01 9.999999999999999799e-13 8.699999999999999400e-02 -7.726151125908063966e-01 8.158929065319284746e-01 -1.933750624317684130e-01 4.743366794488371729e-01 0.000000000000000000e+00
-1.739999999999999880e-01 9.999999999999999799e-13 8.699999999999999400e-02 3.051470281307496202e-01 -1.716618789979721171e+00 -1.694237358189891185e-01 -1.500226795317604611e-01 -2.285298650517942232e+00 1.341560887540748648e-01 9.999999999999999799e-13 8.699999999999999400e-02 -7.106139230172107135e-01 9.986709827063355860e-01 -1.749910861307044929e-01 5.944862907657083584e-01 0.000000000000000000e+00
-1.739999999999999880e-01 9.999999999999999799e-13 8.699999999999999400e-02 4.423192746872192105e-01 -1.576791605722559275e+00 -1.291976583184241967e-01 -1.649970057945466528e-01 -2.147341298535385690e+00 1.013342845385523383e-01 9.999999999999999799e-13 8.699999999999999400e-02 -5.670803155840509202e-01 1.047179801463373749e+00 -1.423133294943893512e-01 7.183723632919803981e-01 0.000000000000000000e+00
-6.485659092318935004e-02 9.999999999999999799e-13 8.699999999999999400e-02 4.815206783836267213e-01 -1.592356917992953314e+00 -4.011047321512576924e-01 -4.219297604615834807e-01 -1.915768644961516110e+00 5.988774552826766490e-02 9.999999999999999799e-13 8.699999999999999400e-02 -3.757041318946640618e-01 1.057472272183217044e+00 -1.194296527596236390e-01 7.850000000000000311e-01 0.000000000000000000e+00
1.739999999999999880e-01 -9.999999999999999799e-13 8.699999999999999400e-02 3.381139682676067570e-01 -1.704410454241629402e+00 8.699999999999999400e-02 -6.522921985736775952e-01 -1.820981831696764530e+00 1.464154016139218757e-02 9.999999999999999799e-13 8.699999999999999400e-02 -1.555514870049680420e-01 1.018287835852975221e+00 -1.564116806440785379e-01 7.850000000000000311e-01 0.000000000000000000e+00
1.739999999999999880e-01 -9.999999999999999799e-13 8.699999999999999400e-02 5.864697812909429597e-01 -1.731153020106650509e+00 8.699999999999999400e-02 -5.044233863362775905e-01 -1.782151778210102400e+00 -2.295004834345496306e-02 9.999999999999999799e-13 8.699999999999999400e-02 8.322835013585756780e-02 9.136155781074499771e-01 -1.564924352332420499e-01 7.633288932146257144e-01 4.293888487994070857e-01
1.739999999999999880e-01 -9.999999999999999799e-13 8.699999999999999400e-02 8.051844054900412218e-01 -1.659084614919998479e+00 8.699999999999999400e-02 -2.974796532184346698e-01 -1.741886965802184051e+00 -4.764790464181610508e-02 9.999999999999999799e-13 8.699999999999999400e-02 3.294572514692694631e-01 7.202550194538508421e-01 -1.545325205343454911e-01 6.952855969724277552e-01 7.419172536050204769e-01
1.739999999999999880e-01 -9.999999999999999799e-13 8.699999999999999400e-02 9.267068513315662726e-01 -1.468255387290859915e+00 -2.372113184015495202e-02 -9.073994635726286007e-02 -1.572860084601551911e+00 -6.087670686944735010e-02 -9.999999999999999799e-13 8.249628755332955032e-02 5.856425664378654972e-01 4.340855957556604139e-01 -1.534881293092760779e-01 6.336391727948627040e-01 9.611691104982540423e-01
1.739999999999999880e-01 -9.999999999999999799e-13 8.699999999999999400e-02 9.640835613349736377e-01 -1.210231723168899265e+00 -4.774642969929133313e-02 7.115024989826777835e-02 -1.499298451893906758e+00 -6.064653697234437257e-02 -9.999999999999999799e-13 6.232162069857492825e-02 7.210914257838627606e-01 3.124074551766753416e-01 -1.596785633122576875e-01 5.441797771804419703e-01 1.130055772041379747e+00
1.739999999999999880e-01 -9.999999999999999799e-13 8.699999999999999400e-02 9.338300915338579866e-01 -8.885978984759379529e-01 -1.119623952046262388e-01 2.055094454028531525e-01 -1.534073048589956301e+00 -5.228855720398748602e-02 -9.999999999999999799e-13 4.244725362911935806e-02 7.419243678149062271e-01 3.754526532174997655e-01 -1.655234779987388993e-01 4.255921093591867876e-01 1.272383584543763213e+00
1.739999999999999880e-01 -9.999999999999999799e-13 8.699999999999999400e-02 7.548776037029282238e-01 -2.973372129838462996e-01 -1.333889271611420624e-01 3.802432932499481555e-01 -1.529568635641696872e+00 -4.231284091526681806e-02 -9.999999999999999799e-13 2.585642038209735524e-02 6.805443367043618741e-01 5.797728788753353513e-01 -1.758547024829354988e-01 2.672579827513431594e-01 1.376126308345756222e+00
1.739999999999999880e-01 -9.999999999999999799e-13 8.699999999999999400e-02 6.927443341622121498e-01 0.000000000000000000e+00 -1.570640539502016209e-01 5.460345418194421097e-01 -1.478782267964547259e+00 -3.332227389857528310e-02 -9.999999999999999799e-13 8.815181685032940154e-03 6.074279653218924713e-01 7.902402150816385529e-01 -1.864996712831058223e-01 6.735886257035601787e-02 1.451586237455676276e+00
1.739999999999999880e-01 -9.999999999999999799e-13 6.816612470182577266e-02 7.332308935125866345e-01 0.000000000000000000e+00 -1.596981242892795416e-01 6.940126156888857256e-01 -1.384067242641209283e+00 -2.385883424750856463e-02 9.999999999999999799e-13 8.699999999999999400e-02 5.232564016400893525e-01 9.615164527837150032e-01 -1.989333878026705582e-01 -1.320344757132368707e-01 1.456878172035996677e+00
1.739999999999999880e-01 -9.999999999999999799e-13 7.287205784408658238e-02 7.512939955854560647e-01 0.000000000000000000e+00 -1.654627977311924347e-01 7.929221903160552642e-01 -1.226094102260615770e+00 -9.991720388544228851e-03 9.999999999999999799e-13 8.699999999999999400e-02 4.055755851548088486e-01 1.143820786777904885e+00 -2.048391106520852933e-01 -3.092006535741738671e-01 1.407323221630669252e+00
1.739999999999999880e-01 -9.999999999999999799e-13 8.699999999999999400e-02 7.551060040480800373e-01 0.000000000000000000e+00 -1.594121450892482528e-01 8.444243503019999153e-01 -1.008343492568048561e+00 4.608228080501112524e-03 9.999999999999999799e-13 8.699999999999999400e-02 2.777405470970026324e-01 1.311516999863085786e+00 -2.019209156349889567e-01 -4.448419870649410468e-01 1.312640053604921420e+00
1.433854041355412112e-01 -9.999999999999999799e-13 8.699999999999999400e-02 1.007120516717863179e+00 -5.777069145609896594e-01 -1.517716418077557639e-01 8.459288809989246039e-01 -6.634370970968745951e-01 2.202276674111122018e-02 9.999999999999999799e-13 8.699999999999999400e-02 1.276090422420947945e-01 1.449435360342867796e+00 -1.943689886000536104e-01 -5.418597758617571536e-01 1.180109873111282681e+00
5.087643632962239593e-02 -9.999999999999999799e-13 8.699999999999999400e-02 1.046999999999999931e+00 -1.555710784066908658e+00 -1.407246599259088793e-01 7.337102120720017107e-01 0.000000000000000000e+00 3.983013247646693261e-02 9.999999999999999799e-13 -3.744784182964322472e-02 -5.025937537019643797e-02 1.586165294647569723e+00 -1.869942607211260432e-01 -6.086841158043997391e-01 1.036235663333471280e+00
-4.445342733668707774e-02 -9.999999999999999799e-13 8.699999999999999400e-02 1.046999999999999931e+00 -1.748609142361249091e+00 -1.160077893598144283e-01 8.980727823246690278e-01 0.000000000000000000e+00 5.887748675792991299e-02 9.999999999999999799e-13 -3.235337875904448907e-02 -2.417451807691962107e-01 1.670100324858960761e+00 -1.822381779986030903e-01 -6.620334259961637713e-01 9.390222279346263079e-01
-1.369872173929834180e-01 -9.999999999999999799e-13 8.699999999999999400e-02 1.046999999999999931e+00 -1.912458770536900943e+00 -1.252887979565869281e-01 1.032991530292419302e+00 0.000000000000000000e+00 7.814449824895530750e-02 9.999999999999999799e-13 -2.044470222722192393e-02 -4.446335118964954702e-01 1.720730852749000839e+00 -1.759237477610477440e-01 -6.704292723475975269e-01 8.570401488930290412e-01
-1.739999999999999880e-01 -9.999999999999999799e-13 8.699999999999999400e-02 1.046999999999999931e+00 -2.199869073459439051e+00 -1.941303396879130172e-01 1.046999999999999931e+00 0.000000000000000000e+00 9.692269944804929316e-02 9.999999999999999799e-13 1.088501218390974324e-03 -6.451244198599066504e-01 1.726983083834600308e+00 -1.697981667677470330e-01 -6.171235172656293066e-01 7.550464419124658377e-01
-1.739999999999999880e-01 9.999999999999999799e-13 8.699999999999999400e-02 1.046999999999999931e+00 -2.355999999999999872e+00 -4.897935301061676627e-01 1.046999999999999931e+00 -7.432247203766877419e-01 1.164899305104408755e-01 9.999999999999999799e-13 2.605763077687206497e-02 -7.850000000000000311e-01 1.683116664087073389e+00 -1.602152492443795206e-01 -4.723414251877842140e-01 5.581690915562793620e-01
-1.739999999999999880e-01 9.999999999999999799e-13 8.699999999999999400e-02 6.692229079122050672e-01 -2.355999999999999872e+00 -6.209642951252627441e-01 1.046999999999999931e+00 -1.287542879737051393e+00 1.372942262449169393e-01 9.999999999999999799e-13 6.334717362718543521e-02 -7.850000000000000311e-01 1.584471479395853422e+00 -1.900323567326540897e-01 -3.698869921520180348e-01 4.672229827054348306e-01
-1.739999999999999880e-01 9.999999999999999799e-13 8.699999999999999400e-02 3.848956361531020720e-01 -2.355999999999999872e+00 -6.656412862869489633e-01 1.046999999999999931e+00 -1.689085576088263707e+00 1.531867678533874177e-01 9.999999999999999799e-13 8.699999999999999400e-02 -7.850000000000000311e-01 1.436737111056072713e+00 -2.133909000981866755e-01 -2.846253064942592670e-01 5.004542399961398047e-01
-1.739999999999999880e-01 9.999999999999999799e-13 8.699999999999999400e-02 2.385355528793915991e-01 -2.234184241997471787e+00 -5.853011918970102423e-01 1.046999999999999931e+00 -2.030830928373884348e+00 1.582508920908080041e-01 9.999999999999999799e-13 8.699999999999999400e-02 -7.850000000000000311e-01 1.226124127981572443e+00 -2.337694923593958973e-01 -1.364143675791380794e-01 4.061803967244728142e-01
-1.739999999999999880e-01 9.999999999999999799e-13 8.699999999999999400e-02 2.033215090005563719e-01 -2.071330591319847869e+00 -4.788168285831243542e-01 1.046999999999999931e+00 -2.299632011302950030e+00 1.486034442594076355e-01 9.999999999999999799e-13 8.699999999999999400e-02 -7.850000000000000311e-01 9.554031259254802677e-01 -2.455584604431864659e-01 1.102047443516474406e-01 1.660681661323089031e-01
-1.739999999999999880e-01 9.999999999999999799e-13 8.699999999999999400e-02 2.393220895852142538e-01 -1.916863054667495625e+00 -4.771533956725849124e-01 9.924549981533478116e-01 -2.355999999999999872e+00 1.309013863763783814e-01 9.999999999999999799e-13 8.699999999999999400e-02 -7.850000000000000311e-01 8.238434235178662135e-01 -2.478575394663390941e-01 3.283486314287096808e-01 0.000000000000000000e+00
-1.739999999999999880e-01 9.999999999999999799e-13 8.699999999999999400e-02 3.175886748547869232e-01 -1.783112405847830928e+00 -3.193799048404916130e-01 4.325711217384143881e-01 -2.355999999999999872e+00 1.122199865412702030e-01 9.999999999999999799e-13 8.699999999999999400e-02 -7.735151489097986666e-01 7.901029986297709584e-01 -2.385337678674665784e-01 4.567247492537674369e-01 0.000000000000000000e+00
-1.739999999999999880e-01 9.999999999999999799e-13 8.699999999999999400e-02 4.241035665061657078e-01 -1.655361040650470628e+00 -1.876400899614602547e-01 1.833524801636043644e-01 -2.355999999999999872e+00 1.006129443778725902e-01 9.999999999999999799e-13 8.699999999999999400e-02 -7.302953052311708104e-01 9.468663037062885479e-01 -2.157649140412078725e-01 5.717187815560322850e-01 0.000000000000000000e+00
-1.739999999999999880e-01 9.999999999999999799e-13 8.699999999999999400e-02 5.399245962824855694e-01 -1.530430693667905295e+00 -1.305113571928133986e-01 8.900078422644590315e-02 -2.254936334611755910e+00 8.148923156525537947e-02 9.999999999999999799e-13 8.699999999999999400e-02 -6.599913408081620192e-01 1.095293817877728060e+00 -1.980516882992067185e-01 6.917906956720540901e-01 0.000000000000000000e+00
-1.417048296437825941e-02 9.999999999999999799e-13 8.699999999999999400e-02 5.081953862084375162e-01 -1.686690849581815144e+00 1.617796130237392216e-02 -2.027913163331276636e-01 -2.128849782037345761e+00 5.113675853698663315e-02 9.999999999999999799e-13 8.699999999999999400e-02 -5.275104044048917196e-01 1.164540130559087672e+00 -1.697073202041834983e-01 7.850000000000000311e-01 0.000000000000000000e+00
1.739999999999999880e-01 -9.999999999999999799e-13 8.699999999999999400e-02 3.909106903727158078e-01 -1.794298190076804467e+00 8.699999999999999400e-02 -4.812828361332520122e-01 -1.929994959188092274e+00 1.554413718646250296e-02 9.999999999999999799e-13 8.699999999999999400e-02 -3.593175102004089183e-01 1.181219917047602763e+00 -1.774345700400092318e-01 7.850000000000000311e-01 0.000000000000000000e+00
1.739999999999999880e-01 -9.999999999999999799e-13 8.699999999999999400e-02 5.553522162775923476e-01 -1.827320225742822934e+00 8.699999999999999400e-02 -3.668685282682847548e-01 -1.810698912686904194e+00 -1.371141775452433022e-02 9.999999999999999799e-13 8.699999999999999400e-02 -1.623368837353832694e-01 1.128095598165535840e+00 -1.753273536110202813e-01 7.850000000000000311e-01 2.428834267968431604e-01
1.739999999999999880e-01 -9.999999999999999799e-13 8.699999999999999400e-02 7.491498684493469451e-01 -1.817985894218894671e+00 8.699999999999999400e-02 -2.006485841425824368e-01 -1.676339834928630701e+00 -3.457551938192275631e-02 9.999999999999999799e-13 8.699999999999999400e-02 3.712233238344055108e-02 1.025472139770410962e+00 -1.563013442828257993e-01 6.488380147013933508e-01 7.041246493514350391e-01
6.093338465767064033e-02 9.999999999999999799e-13 8.699999999999999400e-02 4.878612751663168323e-01 -2.094215716934424876e+00 -2.081501892042076640e-01 9.187797327072950715e-01 0.000000000000000000e+00 3.753787866264881451e-02 -9.999999999999999799e-13 8.699999999999999400e-02 -4.997459185491427980e-01 1.093939101670745373e+00 -1.641527096933738106e-01 -6.756754268066434976e-01 1.461288427520509359e+00
