1.739999999999999880e-01 -9.999999999999999799e-13 8.699999999999999400e-02 7.678862136228697954e-01 0.000000000000000000e+00 -1.170150061036493300e-01 7.423309888609770368e-01 -1.293015662318818926e+00 -1.049212505972576814e-01 9.999999999999999799e-13 -3.581836608677503586e-02 2.237191247193720534e-01 1.634971735566566053e+00 -8.948413851567167676e-02 -1.044637974646782375e-01 1.820592894341597656e+00
1.739999999999999880e-01 -9.999999999999999799e-13 5.934362451801757088e-02 8.518612476939645406e-01 0.000000000000000000e+00 -1.385206952443385764e-01 8.334419126336055639e-01 -9.813219270052027099e-01 -9.608266823330162409e-02 9.999999999999999799e-13 -3.121509587436216426e-02 4.576635729460220431e-02 1.789113000632598371e+00 -8.427040786239135828e-02 -3.193125346259715336e-01 1.877105605674007194e+00
1.739999999999999880e-01 -9.999999999999999799e-13 8.699999999999999400e-02 8.838992543562160797e-01 0.000000000000000000e+00 -1.449520542856255201e-01 7.075345343252245067e-01 -3.151783966918024760e-01 -7.831101856588366938e-02 9.999999999999999799e-13 -2.659331874783628369e-02 -1.494794493604672814e-01 1.907369626813450125e+00 -7.740145914546189831e-02 -5.464453260341772811e-01 1.876997448336471308e+00
1.739999999999999880e-01 9.999999999999999799e-13 8.699999999999999400e-02 8.788254787887567199e-01 0.000000000000000000e+00 -1.214734152263417799e-01 7.065951904810003903e-01 0.000000000000000000e+00 -5.057242799242699788e-02 9.999999999999999799e-13 -1.948963690468487331e-02 -3.635410253908500922e-01 1.981160649916625438e+00 -6.980295927256255362e-02 -7.603813774861299946e-01 1.818936535626170858e+00
1.739999999999999880e-01 9.999999999999999799e-13 8.699999999999999400e-02 8.399945454183401772e-01 0.000000000000000000e+00 -9.667229052183751170e-02 8.150429797583189639e-01 0.000000000000000000e+00 -1.784073850631303151e-02 9.999999999999999799e-13 3.320793681205638781e-02 -5.815756509778966521e-01 1.991392254823402652e+00 -6.108342248708222705e-02 -7.850000000000000311e-01 1.705727618334893947e+00
1.407141551011851510e-01 9.999999999999999799e-13 8.699999999999999400e-02 1.046999999999999931e+00 -1.099509778091130485e+00 -7.790067801558557548e-02 9.222532639042221314e-01 0.000000000000000000e+00 1.579746713535127439e-02 9.999999999999999799e-13 3.715429624343739856e-02 -7.850000000000000311e-01 1.969115259233559456e+00 -6.606985591943885516e-02 -7.850000000000000311e-01 1.546754967731208907e+00
1.214748814421885356e-02 9.999999999999999799e-13 8.699999999999999400e-02 1.046999999999999931e+00 -1.583355401253728978e+00 -1.134663778570466353e-01 1.046999999999999931e+00 0.000000000000000000e+00 4.946948562652694892e-02 9.999999999999999799e-13 4.583451132300726816e-02 -7.850000000000000311e-01 1.902339874532149366e+00 -7.569169691202055905e-02 -7.850000000000000311e-01 1.375727350231260360e+00
-9.249609476250315876e-02 9.999999999999999799e-13 8.699999999999999400e-02 1.046999999999999931e+00 -1.991940232074139061e+00 -2.741580813221522472e-01 1.046999999999999931e+00 0.000000000000000000e+00 7.739892016950794540e-02 9.999999999999999799e-13 6.972507813187181491e-02 -7.850000000000000311e-01 1.790261424837344961e+00 -9.322142775834274531e-02 -7.850000000000000311e-01 1.195826334446249639e+00
-1.739999999999999880e-01 9.999999999999999799e-13 8.699999999999999400e-02 1.046999999999999931e+00 -2.327945883706388663e+00 -6.427459974748913618e-01 1.046999999999999931e+00 0.000000000000000000e+00 1.014851073135460691e-01 9.999999999999999799e-13 8.699999999999999400e-02 -7.850000000000000311e-01 1.637910775775259786e+00 -1.148206003514912615e-01 -7.850000000000000311e-01 1.022230172841267049e+00
-1.739999999999999880e-01 9.999999999999999799e-13 8.699999999999999400e-02 1.046999999999999931e+00 -2.355999999999999872e+00 -7.850000000000000311e-01 1.046999999999999931e+00 0.000000000000000000e+00 1.204021156365917000e-01 9.999999999999999799e-13 8.699999999999999400e-02 -7.850000000000000311e-01 1.441252355197597979e+00 -1.459202096567887019e-01 -6.082383485984995675e-01 7.354054472362321349e-01
-1.739999999999999880e-01 9.999999999999999799e-13 8.699999999999999400e-02 7.263265941582026652e-01 -2.355999999999999872e+00 -7.850000000000000311e-01 1.046999999999999931e+00 -1.100092910281619041e+00 1.407573343321843473e-01 9.999999999999999799e-13 8.699999999999999400e-02 -7.850000000000000311e-01 1.219216101465200985e+00 -1.805955137695303137e-01 -4.647437795045828435e-01 6.899733522801163588e-01
-1.739999999999999880e-01 9.999999999999999799e-13 8.699999999999999400e-02 1.268273446551602957e-01 -2.355999999999999872e+00 -7.850000000000000311e-01 1.046999999999999931e+00 -1.618625457039815529e+00 1.618193962289238286e-01 9.999999999999999799e-13 8.699999999999999400e-02 -7.850000000000000311e-01 9.955922277439048784e-01 -2.073463172876897909e-01 -2.843974838288852447e-01 6.391891803033367125e-01
-1.739999999999999880e-01 -9.999999999999999799e-13 8.699999999999999400e-02 -1.409247046450454455e-01 -2.355999999999999872e+00 -7.850000000000000311e-01 1.046999999999999931e+00 -2.003920841593191504e+00 1.739999999999999880e-01 9.999999999999999799e-13 8.699999999999999400e-02 -7.850000000000000311e-01 7.839032091137161373e-01 -2.199430501079940037e-01 -3.633644156418264909e-02 4.040530682740541835e-01
-1.739999999999999880e-01 -9.999999999999999799e-13 8.699999999999999400e-02 -2.428998295961911913e-01 -2.201070924267104267e+00 -7.850000000000000311e-01 1.046999999999999931e+00 -2.240630364565276977e+00 1.739999999999999880e-01 9.999999999999999799e-13 8.699999999999999400e-02 -7.850000000000000311e-01 7.334109510539406074e-01 -2.204287767121872743e-01 3.145916337506507454e-01 0.000000000000000000e+00
-1.739999999999999880e-01 9.999999999999999799e-13 8.699999999999999400e-02 -2.796578394996493966e-01 -1.980361816986754064e+00 -7.850000000000000311e-01 6.573304463178752943e-01 -2.284272238128329136e+00 1.709211889408734364e-01 9.999999999999999799e-13 8.699999999999999400e-02 -7.236157813045694942e-01 8.904038350187732931e-01 -1.988545658906183955e-01 4.498576029003896193e-01 0.000000000000000000e+00
-1.739999999999999880e-01 9.999999999999999799e-13 8.699999999999999400e-02 -2.449240109173329294e-01 -1.818262226217554733e+00 -3.840272360682180919e-01 -4.892352520112860231e-02 -2.355999999999999872e+00 1.482175273795545978e-01 9.999999999999999799e-13 8.699999999999999400e-02 -5.341611838803859147e-01 8.978910201580845296e-01 -1.661982186013999663e-01 5.978422378480785504e-01 0.000000000000000000e+00
-1.739999999999999880e-01 9.999999999999999799e-13 8.699999999999999400e-02 -1.294176608235229065e-01 -1.685694752140063812e+00 -2.143848506177030155e-01 -2.295932095349605129e-01 -2.286694083838836100e+00 1.166987374562099000e-01 9.999999999999999799e-13 8.699999999999999400e-02 -2.449801371744200484e-01 7.519540143525249576e-01 -1.251539140026569352e-01 7.143975660496986180e-01 0.000000000000000000e+00
-1.739999999999999880e-01 9.999999999999999799e-13 8.699999999999999400e-02 5.306775881247272758e-02 -1.561459211957130222e+00 -1.436941004013033152e-01 -2.728595489178483047e-01 -2.144332125288659796e+00 8.319108170134789648e-02 9.999999999999999799e-13 8.699999999999999400e-02 1.479218518188763765e-01 3.997827384499528236e-01 -1.149857403160117753e-01 7.850000000000000311e-01 0.000000000000000000e+00
1.247887244328278224e-02 9.999999999999999799e-13 8.699999999999999400e-02 5.133032203973055506e-03 -1.404495594841096207e+00 -8.976918369095540640e-02 -5.033971327330182266e-01 -1.973019030196725865e+00 4.602361267254894556e-02 9.999999999999999799e-13 8.699999999999999400e-02 5.418544748735180105e-01 0.000000000000000000e+00 -1.576492326169162961e-01 7.850000000000000311e-01 0.000000000000000000e+00
1.739999999999999880e-01 -9.999999999999999799e-13 8.699999999999999400e-02 3.454362849422398796e-02 -1.302456925717826230e+00 6.882208871479195134e-02 -7.006679321406983352e-01 -1.810209910844468695e+00 7.255558049176510579e-03 9.999999999999999799e-13 8.699999999999999400e-02 7.056618815368153053e-01 0.000000000000000000e+00 -2.002516998332031506e-01 7.850000000000000311e-01 0.000000000000000000e+00
1.739999999999999880e-01 -9.999999999999999799e-13 8.699999999999999400e-02 3.379933186498654818e-01 -1.418331050211916633e+00 -3.985530312356377891e-01 -7.410312782857803038e-01 -1.708586536131984523e+00 -2.768861185189565310e-02 9.999999999999999799e-13 8.699999999999999400e-02 7.850000000000000311e-01 0.000000000000000000e+00 -2.593095708108011377e-01 7.850000000000000311e-01 0.000000000000000000e+00
1.739999999999999880e-01 -9.999999999999999799e-13 8.699999999999999400e-02 6.418443216561608988e-01 -1.422344778509494034e+00 8.699999999999999400e-02 -3.994190576554371708e-01 -1.733509556977677946e+00 -5.506170572804209434e-02 9.999999999999999799e-13 8.699999999999999400e-02 7.850000000000000311e-01 0.000000000000000000e+00 -1.835103102331349656e-01 7.850000000000000311e-01 5.151553227111458355e-01
1.739999999999999880e-01 -9.999999999999999799e-13 8.699999999999999400e-02 8.062354391326327363e-01 -1.219898849240109939e+00 -2.188549323873451025e-02 -1.910078991668504034e-01 -1.558040519954985825e+00 -7.258004014929106407e-02 9.999999999999999799e-13 8.699999999999999400e-02 7.850000000000000311e-01 0.000000000000000000e+00 4.721797963036739043e-02 7.499514188847828944e-01 9.796783121729752963e-01
1.739999999999999880e-01 -9.999999999999999799e-13 8.699999999999999400e-02 8.178809939785735006e-01 -8.005256591983682668e-01 -3.506148403162227811e-02 3.784430496927091575e-02 -1.532111440203097530e+00 -8.127030741974949901e-02 9.999999999999999799e-13 7.080777808400565143e-02 7.850000000000000311e-01 5.822625118337150241e-01 8.699999999999999400e-02 6.087266891679274927e-01 1.270069357717853897e+00
1.739999999999999880e-01 -9.999999999999999799e-13 8.699999999999999400e-02 6.036603707561470911e-01 0.000000000000000000e+00 -8.002764146648372323e-02 2.879591430446856726e-01 -1.508520523567972837e+00 -8.504398570212753916e-02 9.999999999999999799e-13 -7.368623090993459135e-02 7.179374760659650301e-01 9.904733504010305722e-01 8.699999999999999400e-02 4.375476344995244959e-01 1.498022668731688434e+00
1.739999999999999880e-01 -9.999999999999999799e-13 7.965118839694278197e-02 7.329694660521341998e-01 0.000000000000000000e+00 -1.276631521801418756e-01 5.402747314344017449e-01 -1.439170040083494584e+00 -8.048048020875371578e-02 9.999999999999999799e-13 -1.151383832827852505e-01 5.687857703475486248e-01 1.266318799621915403e+00 8.699999999999999400e-02 2.519180428595960697e-01 1.659694281850172537e+00
1.739999999999999880e-01 -9.999999999999999799e-13 4.327116506653069100e-02 8.310568004950908971e-01 0.000000000000000000e+00 -1.706840268279843364e-01 7.408632407868066538e-01 -1.283082634234363972e+00 -7.202966406091008966e-02 9.999999999999999799e-13 -1.401575933208431546e-01 4.038497272439772745e-01 1.498361819047214105e+00 -9.649617852373434945e-02 8.634752562371008147e-03 1.706462586047999608e+00
1.739999999999999880e-01 -9.999999999999999799e-13 4.729712272451462585e-02 8.674664497017494647e-01 0.000000000000000000e+00 -1.760499522229171943e-01 8.329939524143605833e-01 -9.634739213670506786e-01 -5.986951069285643273e-02 9.999999999999999799e-13 -1.391208409879960695e-01 1.897505940234039123e-01 1.698811026863729978e+00 -9.589318091580939507e-02 -2.432762269511389297e-01 1.762223531253992448e+00
1.739999999999999880e-01 -9.999999999999999799e-13 8.699999999999999400e-02 8.480422190195481269e-01 0.000000000000000000e+00 -1.803738207218627265e-01 6.452391426893177018e-01 -1.684763856793303205e-01 -3.725925479491695724e-02 9.999999999999999799e-13 -1.392042339021883346e-01 -4.591976035453119998e-02 1.844612161462791278e+00 -9.372867344450583338e-02 -4.994457025024590657e-01 1.745656476324151996e+00
1.739999999999999880e-01 -9.999999999999999799e-13 8.699999999999999400e-02 7.869124507761454668e-01 0.000000000000000000e+00 -1.458151864370738349e-01 7.082107588021325784e-01 0.000000000000000000e+00 -5.090305989141074433e-03 9.999999999999999799e-13 -1.256962361390113470e-01 -2.981880359626682964e-01 1.921752484447777576e+00 -8.852688873220233845e-02 -7.178442329390332111e-01 1.653823699788476986e+00
9.265615786430624057e-02 -9.999999999999999799e-13 8.699999999999999400e-02 1.046999999999999931e+00 -9.501687373159413141e-01 -1.103582348065688945e-01 8.993641855101676130e-01 0.000000000000000000e+00 2.959486728924407006e-02 9.999999999999999799e-13 -2.346474202943141935e-02 -5.495579280693732027e-01 1.904220154951926425e+00 -8.540608457674056520e-02 -7.850000000000000311e-01 1.504139772586229107e+00
-4.019267964181220953e-02 9.999999999999999799e-13 8.699999999999999400e-02 1.046999999999999931e+00 -1.421727901578684339e+00 -1.413963896129872833e-01 1.046999999999999931e+00 0.000000000000000000e+00 6.170098573798006580e-02 9.999999999999999799e-13 -1.689672668633965258e-02 -7.617749308177492740e-01 1.869629686598547558e+00 -9.146039443882202080e-02 -7.850000000000000311e-01 1.332982323419463988e+00
-1.618693312833621445e-01 9.999999999999999799e-13 8.699999999999999400e-02 1.046999999999999931e+00 -1.783903249046042028e+00 -3.304824004781136138e-01 1.046999999999999931e+00 0.000000000000000000e+00 9.355996064325793060e-02 9.999999999999999799e-13 -2.288741393713751657e-03 -7.850000000000000311e-01 1.779839297486284444e+00 -1.062122536970454417e-01 -7.850000000000000311e-01 1.162826969668016019e+00
-1.739999999999999880e-01 9.999999999999999799e-13 8.699999999999999400e-02 1.046999999999999931e+00 -2.151499926610119573e+00 -5.357183896303637782e-01 1.046999999999999931e+00 0.000000000000000000e+00 1.220902939061059289e-01 9.999999999999999799e-13 2.555806275628328544e-02 -7.850000000000000311e-01 1.639544681889183231e+00 -1.292724976532330650e-01 -7.850000000000000311e-01 9.905608006994075510e-01
-1.739999999999999880e-01 9.999999999999999799e-13 8.699999999999999400e-02 1.046999999999999931e+00 -2.355999999999999872e+00 -7.850000000000000311e-01 1.046999999999999931e+00 0.000000000000000000e+00 1.471265148621000440e-01 9.999999999999999799e-13 7.508421388760784521e-02 -7.850000000000000311e-01 1.436383423525654734e+00 -1.522499327476730113e-01 -7.748323223509214763e-01 7.680212305703228992e-01
-1.739999999999999880e-01 9.999999999999999799e-13 8.699999999999999400e-02 9.331693001253705821e-01 -2.355999999999999872e+00 -7.850000000000000311e-01 1.046999999999999931e+00 -6.904947831154117921e-01 1.683396969824104417e-01 9.999999999999999799e-13 8.699999999999999400e-02 -7.850000000000000311e-01 1.212996754406281852e+00 -1.860857355919152412e-01 -4.440072631119283963e-01 2.803236125464998452e-01
-1.739999999999999880e-01 9.999999999999999799e-13 8.699999999999999400e-02 3.273978807557321180e-01 -2.355999999999999872e+00 -7.850000000000000311e-01 1.046999999999999931e+00 -1.339496727383540531e+00 1.739999999999999880e-01 9.999999999999999799e-13 8.699999999999999400e-02 -7.850000000000000311e-01 9.985562462830781527e-01 -2.283200521577864184e-01 -1.923920326279673632e-01 0.000000000000000000e+00
-1.739999999999999880e-01 9.999999999999999799e-13 8.699999999999999400e-02 -9.952217814107540417e-02 -2.355999999999999872e+00 -7.850000000000000311e-01 1.046999999999999931e+00 -1.761616435709761674e+00 1.739999999999999880e-01 9.999999999999999799e-13 8.699999999999999400e-02 -7.850000000000000311e-01 8.372957420880533519e-01 -2.522707007537989266e-01 -8.874443198145076650e-02 1.500473586614479160e-01
-1.739999999999999880e-01 9.999999999999999799e-13 8.699999999999999400e-02 -2.996151738824424648e-01 -2.341314295251994526e+00 -7.850000000000000311e-01 1.046999999999999931e+00 -2.094649033560447293e+00 1.739999999999999880e-01 9.999999999999999799e-13 8.699999999999999400e-02 -7.850000000000000311e-01 6.612805629589750822e-01 -2.546700445576657867e-01 1.326336415975521987e-01 0.000000000000000000e+00
-1.739999999999999880e-01 9.999999999999999799e-13 8.699999999999999400e-02 -4.039514796739866465e-01 -2.123510863393516246e+00 -7.850000000000000311e-01 1.046999999999999931e+00 -2.265931687314516552e+00 1.739999999999999880e-01 9.999999999999999799e-13 8.699999999999999400e-02 -7.426934130694176073e-01 3.994545316794759771e-01 -2.393681307416117288e-01 2.778491451704113158e-01 0.000000000000000000e+00
-1.739999999999999880e-01 9.999999999999999799e-13 8.699999999999999400e-02 -4.401362369543786457e-01 -1.950082819722139149e+00 -7.850000000000000311e-01 3.536449167995205367e-01 -2.251855031574960364e+00 1.739999999999999880e-01 9.999999999999999799e-13 8.699999999999999400e-02 -6.975943853875711254e-01 5.732860919009210576e-01 -2.112871783987308461e-01 4.169520851319535315e-01 0.000000000000000000e+00
-1.739999999999999880e-01 9.999999999999999799e-13 8.699999999999999400e-02 -3.988036170872136799e-01 -1.823251385100751243e+00 -3.635955484606255839e-01 -2.122756527418117323e-01 -2.355999999999999872e+00 1.739999999999999880e-01 9.999999999999999799e-13 8.699999999999999400e-02 -5.831974204441613407e-01 7.177001694182685299e-01 -1.702614278442332874e-01 5.341887926219449634e-01 0.000000000000000000e+00
-1.739999999999999880e-01 9.999999999999999799e-13 8.699999999999999400e-02 -2.688878085347726210e-01 -1.732415818142825081e+00 -2.556340540087947977e-01 -3.574704217970098852e-01 -2.208350844609402230e+00 1.617479338762166929e-01 9.999999999999999799e-13 8.699999999999999400e-02 -3.357516061826175680e-01 5.927193581942127310e-01 -1.286380622886622027e-01 6.312035740750333579e-01 0.000000000000000000e+00
-1.739999999999999880e-01 9.999999999999999799e-13 8.699999999999999400e-02 -7.770952366322270155e-02 -1.655998764468313844e+00 -1.990544822399270275e-01 -3.846518011454272412e-01 -2.065678580273675458e+00 1.250790187603094128e-01 9.999999999999999799e-13 8.699999999999999400e-02 2.582927663563408527e-02 3.165588812337141178e-01 -1.127063087024996191e-01 7.316782613364728460e-01 0.000000000000000000e+00
-1.739999999999999880e-01 9.999999999999999799e-13 8.699999999999999400e-02 1.330312425609813110e-01 -1.532824883061346455e+00 -1.594816897551706580e-01 -3.260099138729001811e-01 -1.968638721535873159e+00 8.440656948488554912e-02 9.999999999999999799e-13 8.699999999999999400e-02 3.926681855548115330e-01 0.000000000000000000e+00 -1.415426591866786876e-01 7.850000000000000311e-01 0.000000000000000000e+00
5.527350826988253196e-02 -9.999999999999999799e-13 8.699999999999999400e-02 2.443503757961286438e-02 -1.368619892376963243e+00 -9.306776578482245377e-02 -6.091287629075585741e-01 -1.794951911189279770e+00 3.956242677650594064e-02 9.999999999999999799e-13 8.699999999999999400e-02 5.752242161830070089e-01 0.000000000000000000e+00 -1.929426953101623099e-01 7.850000000000000311e-01 0.000000000000000000e+00
1.739999999999999880e-01 -9.999999999999999799e-13 8.699999999999999400e-02 6.335039201134837206e-02 -1.205462243170090098e+00 6.498096941804140658e-02 -6.889307193559636167e-01 -1.715897056342130966e+00 -4.357514413589987610e-03 9.999999999999999799e-13 8.291065871415576050e-02 7.463412735773182760e-01 0.000000000000000000e+00 -2.607319730197138474e-01 7.850000000000000311e-01 0.000000000000000000e+00
1.739999999999999880e-01 -9.999999999999999799e-13 8.699999999999999400e-02 3.380804839063602518e-01 -1.326543291029610216e+00 8.699999999999999400e-02 -5.169514418962246616e-01 -1.687613515549062804e+00 -4.526758654059567094e-02 9.999999999999999799e-13 8.699999999999999400e-02 7.850000000000000311e-01 0.000000000000000000e+00 -2.136612683515149158e-01 7.850000000000000311e-01 5.263843499621465583e-01
1.739999999999999880e-01 -9.999999999999999799e-13 8.699999999999999400e-02 6.173264149406523238e-01 -1.321526858708985230e+00 8.699999999999999400e-02 -3.244019167904379497e-01 -1.601383207423253907e+00 -8.106695801766598819e-02 9.999999999999999799e-13 8.699999999999999400e-02 7.850000000000000311e-01 0.000000000000000000e+00 -7.496956696219078675e-02 7.243852932842167469e-01 9.617874716108119060e-01
1.739999999999999880e-01 -9.999999999999999799e-13 8.699999999999999400e-02 7.674089931995341507e-01 -1.111417273969386166e+00 -7.903266490020771640e-02 -1.476445893387292041e-01 -1.400371426817488718e+00 -1.046823023304629535e-01 9.999999999999999799e-13 7.629124795136553450e-02 7.850000000000000311e-01 4.770082897730194560e-01 -5.096413727899096191e-03 6.428780887349686557e-01 1.235632396468903771e+00
1.739999999999999880e-01 -9.999999999999999799e-13 8.699999999999999400e-02 7.628028434518503431e-01 -6.632451697792909329e-01 -9.597170463035142873e-02 2.523076243681262459e-02 -1.353256704160253676e+00 -1.208594026808221672e-01 9.999999999999999799e-13 -3.105082966189010030e-02 7.850000000000000311e-01 8.071472497256060308e-01 -5.368764691094669583e-01 7.806746180134520596e-01 1.277669908502739204e+00
1.739999999999999880e-01 -9.999999999999999799e-13 8.699999999999999400e-02 6.084352623380766545e-01 0.000000000000000000e+00 -1.547876563120115234e-01 2.441890439451414319e-01 -1.333177894567457500e+00 -1.272059139790395754e-01 9.999999999999999799e-13 -2.314390412221829230e-01 7.850000000000000311e-01 1.105264371508372534e+00 -5.065205599892927957e-01 6.127173883099763518e-01 1.469188108532340387e+00
1.739999999999999880e-01 -9.999999999999999799e-13 4.811116650715391990e-02 7.335844529963708727e-01 0.000000000000000000e+00 -1.996984570051535957e-01 4.906604648308744432e-01 -1.293731493046621495e+00 -1.240044832751199394e-01 9.999999999999999799e-13 -3.635637266580596938e-01 7.850000000000000311e-01 1.343005128742325027e+00 -1.810665959379438306e-01 2.494225435075640707e-01 1.690484312254392663e+00
1.739999999999999880e-01 -9.999999999999999799e-13 1.834695176702736200e-02 8.286326862583812680e-01 0.000000000000000000e+00 -2.213734989397070918e-01 6.778498275778568338e-01 -1.143821117265367171e+00 -1.154470836751826240e-01 9.999999999999999799e-13 -4.269059685139890981e-01 7.850000000000000311e-01 1.573373038915216071e+00 -1.689223997684984879e-01 3.472939805613192710e-02 1.789473507577008959e+00
1.739999999999999880e-01 -9.999999999999999799e-13 2.433395416310269940e-02 8.728051529404691200e-01 0.000000000000000000e+00 -2.298426704520197261e-01 7.484445515610299582e-01 -8.230877105201725996e-01 -1.000667204916263209e-01 9.999999999999999799e-13 -4.576571691516134743e-01 6.525712869849391584e-01 1.785142184467969351e+00 -1.688822927279293729e-01 -2.149974697758892384e-01 1.830989869596479913e+00
1.739999999999999880e-01 -9.999999999999999799e-13 8.699999999999999400e-02 8.610062844238767221e-01 0.000000000000000000e+00 -2.129852089597641385e-01 5.353307796639193983e-01 0.000000000000000000e+00 -7.490257413088524663e-02 9.999999999999999799e-13 8.699999999999999400e-02 1.354849901227210274e-01 1.879490796408677333e+00 -1.637589287904451518e-01 -4.631044514232736109e-01 1.803080605362334055e+00
1.739999999999999880e-01 -9.999999999999999799e-13 8.699999999999999400e-02 7.975530650907950436e-01 0.000000000000000000e+00 -1.697688843222784350e-01 6.722020258309169272e-01 0.000000000000000000e+00 -4.129296215387450592e-02 9.999999999999999799e-13 8.699999999999999400e-02 -1.112623201180599070e-01 1.977846091452100552e+00 -1.504480567843028138e-01 -6.747899508082940701e-01 1.712269870629868684e+00
1.739999999999999880e-01 -9.999999999999999799e-13 8.699999999999999400e-02 1.046999999999999931e+00 -1.050462750026609271e+00 -1.379341889267577392e-01 7.725011127728956817e-01 0.000000000000000000e+00 -5.962372884086757432e-03 9.999999999999999799e-13 8.699999999999999400e-02 -3.632907052798045600e-01 2.016562629702399967e+00 -1.349280775185000281e-01 -7.850000000000000311e-01 1.567650128041450763e+00
1.016743704266413750e-01 -9.999999999999999799e-13 8.699999999999999400e-02 1.046999999999999931e+00 -1.547253290402375470e+00 -1.335697530026162816e-01 9.246692931440803065e-01 0.000000000000000000e+00 2.739651281486577689e-02 9.999999999999999799e-13 8.699999999999999400e-02 -6.105803839360613994e-01 2.004999223713852530e+00 -1.245386518563978001e-01 -7.850000000000000311e-01 1.390931488025821672e+00
-2.733316484689663275e-02 9.999999999999999799e-13 8.699999999999999400e-02 1.046999999999999931e+00 -1.899520002868325008e+00 -2.175176695078119005e-01 1.046999999999999931e+00 0.000000000000000000e+00 5.839299024807510091e-02 9.999999999999999799e-13 -8.591733856763338062e-02 -7.850000000000000311e-01 1.960418014498304551e+00 -1.222762260656781591e-01 -7.850000000000000311e-01 1.211672032305791902e+00
-1.282071949634669694e-01 9.999999999999999799e-13 8.699999999999999400e-02 1.046999999999999931e+00 -2.207864060892902103e+00 -4.275875112577956494e-01 1.046999999999999931e+00 0.000000000000000000e+00 8.393228585902193228e-02 9.999999999999999799e-13 -5.786815116111302532e-02 -7.850000000000000311e-01 1.848352905894144804e+00 -1.405477584195048979e-01 -7.850000000000000311e-01 1.046722492612746080e+00
-1.739999999999999880e-01 9.999999999999999799e-13 8.699999999999999400e-02 1.046999999999999931e+00 -2.355999999999999872e+00 -7.850000000000000311e-01 1.046999999999999931e+00 0.000000000000000000e+00 1.043061924591732054e-01 9.999999999999999799e-13 -1.357545603427603477e-02 -7.850000000000000311e-01 1.684980051722604344e+00 -1.599068894205473990e-01 -7.721736276042047153e-01 8.654440606513045253e-01
-1.739999999999999880e-01 9.999999999999999799e-13 8.699999999999999400e-02 8.305788301053679268e-01 -2.355999999999999872e+00 -7.850000000000000311e-01 1.046999999999999931e+00 -8.390341201778692692e-01 1.228874081676252783e-01 9.999999999999999799e-13 3.950845519883534884e-02 -7.850000000000000311e-01 1.474583024315853308e+00 -1.936218536443548854e-01 -5.457708206011953056e-01 5.471971828731820864e-01
-1.739999999999999880e-01 9.999999999999999799e-13 8.699999999999999400e-02 3.198876542913701715e-01 -2.355999999999999872e+00 -7.850000000000000311e-01 1.046999999999999931e+00 -1.396903673036434590e+00 1.430021760421748833e-01 9.999999999999999799e-13 8.699999999999999400e-02 -7.850000000000000311e-01 1.241280193514487706e+00 -2.399757288323213777e-01 -1.823059316522943341e-01 0.000000000000000000e+00
-1.739999999999999880e-01 9.999999999999999799e-13 8.699999999999999400e-02 -8.401577041442275309e-03 -2.355999999999999872e+00 -7.850000000000000311e-01 1.046999999999999931e+00 -1.782119832590439934e+00 1.642729126296770537e-01 9.999999999999999799e-13 8.699999999999999400e-02 -7.850000000000000311e-01 1.034306760018965932e+00 -2.711881378866523584e-01 -3.266946744029388533e-02 0.000000000000000000e+00
-1.739999999999999880e-01 9.999999999999999799e-13 8.699999999999999400e-02 -1.372680977427662152e-01 -2.346638087051385213e+00 -7.850000000000000311e-01 1.046999999999999931e+00 -2.062183269473266023e+00 1.739999999999999880e-01 9.999999999999999799e-13 8.699999999999999400e-02 -7.850000000000000311e-01 8.676265584631135397e-01 -2.721454131972750878e-01 1.138866338842458165e-01 0.000000000000000000e+00
-1.739999999999999880e-01 9.999999999999999799e-13 8.699999999999999400e-02 -1.762951504752891529e-01 -2.165095255587746514e+00 -7.850000000000000311e-01 1.046999999999999931e+00 -2.195385810646707903e+00 1.739999999999999880e-01 9.999999999999999799e-13 8.699999999999999400e-02 -7.850000000000000311e-01 6.566219963217667654e-01 -2.661387021731787539e-01 2.647864732290927670e-01 0.000000000000000000e+00
-1.739999999999999880e-01 9.999999999999999799e-13 8.699999999999999400e-02 -1.640658115305229370e-01 -1.985392237149309125e+00 -7.850000000000000311e-01 1.578825907784928706e-01 -2.155301333415738263e+00 1.665894340458142220e-01 9.999999999999999799e-13 8.699999999999999400e-02 -7.488190259635394419e-01 6.593316889747491416e-01 -2.384697900805860804e-01 4.122126424481516449e-01 0.000000000000000000e+00
-1.739999999999999880e-01 9.999999999999999799e-13 8.699999999999999400e-02 -1.002196656101906197e-01 -1.844975892251857097e+00 -3.683156274229289484e-01 -1.655746192189773980e-01 -2.304589598949949636e+00 1.483863704822669383e-01 9.999999999999999799e-13 8.699999999999999400e-02 -6.527322781046812628e-01 8.573488491027374536e-01 -1.972074436408141340e-01 5.594873709556833496e-01 0.000000000000000000e+00
-1.739999999999999880e-01 9.999999999999999799e-13 8.699999999999999400e-02 3.646148811832459341e-02 -1.712448634847154594e+00 -2.347490911564559246e-01 -2.573933364434832227e-01 -2.158997839216345582e+00 1.195118353172596043e-01 9.999999999999999799e-13 8.699999999999999400e-02 -4.486702621898092658e-01 8.619219507211681730e-01 -1.537102179356892029e-01 6.899558693286724775e-01 0.000000000000000000e+00
-1.739999999999999880e-01 9.999999999999999799e-13 8.699999999999999400e-02 2.168904323491872288e-01 -1.562424226625841683e+00 -1.646704390775184657e-01 -2.193993711406387326e-01 -2.036198545120430303e+00 8.525359860433648351e-02 9.999999999999999799e-13 8.699999999999999400e-02 -1.753489247827874353e-01 7.572075321898594780e-01 -1.258357003937476681e-01 7.850000000000000311e-01 0.000000000000000000e+00
1.772063715346603504e-03 9.999999999999999799e-13 8.699999999999999400e-02 1.709093056737562011e-01 -1.408642438745605574e+00 -4.118161753104694345e-01 -5.608112428432605601e-01 -1.778149463256448293e+00 4.768979606518311543e-02 9.999999999999999799e-13 8.699999999999999400e-02 1.557172389343562946e-01 5.328817340712728168e-01 -1.611696458356323136e-01 7.850000000000000311e-01 0.000000000000000000e+00
1.739999999999999880e-01 9.999999999999999799e-13 8.699999999999999400e-02 2.019504501715080891e-01 -1.485795471480363616e+00 -5.398678538817933692e-01 -7.850000000000000311e-01 -1.632100289125402170e+00 6.401045482638850932e-03 9.999999999999999799e-13 8.699999999999999400e-02 6.247658066303360958e-01 0.000000000000000000e+00 -2.119302680327047606e-01 7.850000000000000311e-01 0.000000000000000000e+00
1.739999999999999880e-01 -9.999999999999999799e-13 8.699999999999999400e-02 4.608485824063008884e-01 -1.542013986203832232e+00 8.699999999999999400e-02 -4.834823472716008319e-01 -1.707312887318519934e+00 -3.426637728223357049e-02 -9.999999999999999799e-13 8.699999999999999400e-02 7.850000000000000311e-01 0.000000000000000000e+00 -2.836309298363361431e-01 7.850000000000000311e-01 0.000000000000000000e+00
1.739999999999999880e-01 -9.999999999999999799e-13 8.699999999999999400e-02 7.326634091347907773e-01 -1.478845571266989900e+00 8.699999999999999400e-02 -2.837183521203386349e-01 -1.633551888680299768e+00 -6.097155369087025462e-02 -9.999999999999999799e-13 8.699999999999999400e-02 7.850000000000000311e-01 0.000000000000000000e+00 -2.825526082724636456e-01 7.850000000000000311e-01 3.067672391419993261e-01
1.739999999999999880e-01 -9.999999999999999799e-13 8.699999999999999400e-02 8.770184163332819249e-01 -1.252872149834312054e+00 -3.162119616230261304e-02 -1.073788418556856361e-01 -1.410587579876815489e+00 -7.526875071520461313e-02 -9.999999999999999799e-13 8.699999999999999400e-02 7.850000000000000311e-01 0.000000000000000000e+00 -1.482774517432811912e-01 7.850000000000000311e-01 8.295702135245743847e-01
1.739999999999999880e-01 -9.999999999999999799e-13 8.699999999999999400e-02 8.905867516812477902e-01 -8.665874645708573354e-01 -6.246187113070230529e-02 1.078995636267991443e-01 -1.453711791245282825e+00 -8.054812718575490860e-02 -9.999999999999999799e-13 7.229313101011272669e-02 7.850000000000000311e-01 4.492114388902965771e-01 5.811507507526703087e-02 6.539593119174436087e-01 1.199916828936692603e+00
1.739999999999999880e-01 -9.999999999999999799e-13 8.699999999999999400e-02 6.327977530938303508e-01 0.000000000000000000e+00 -9.445593667484190881e-02 2.831824213396179624e-01 -1.504881056325687361e+00 -7.781630204105814685e-02 -9.999999999999999799e-13 -1.063214457339327623e-01 7.850000000000000311e-01 8.802715228022677252e-01 8.699999999999999400e-02 4.953983410013399480e-01 1.441521271175440155e+00
1.739999999999999880e-01 -9.999999999999999799e-13 7.652696946148726531e-02 7.477755611048848561e-01 0.000000000000000000e+00 -1.025337500479700514e-01 5.266128170686509291e-01 -1.515527216115939879e+00 -6.882854773370203350e-02 -9.999999999999999799e-13 -1.811590785125315739e-01 6.594837360244821811e-01 1.186264424189110045e+00 8.699999999999999400e-02 3.036160313241682562e-01 1.611476236929552996e+00
1.739999999999999880e-01 -9.999999999999999799e-13 4.296886034548366012e-02 8.331693264187269854e-01 0.000000000000000000e+00 -1.145426751044984204e-01 7.526659112220079884e-01 -1.407002093730163494e+00 -5.705423183916351337e-02 -9.999999999999999799e-13 -2.380218146100307186e-01 5.193226639771425512e-01 1.460731348330202906e+00 -1.152913321692017046e-01 6.916155281557852252e-02 1.644791063889977423e+00
1.739999999999999880e-01 -9.999999999999999799e-13 5.508230960608982707e-02 8.690070699880879657e-01 0.000000000000000000e+00 -1.228461718177387418e-01 8.735804682946063382e-01 -1.162985495043686868e+00 -4.180857880435959184e-02 -9.999999999999999799e-13 -2.731119936412049753e-01 3.466077022958733433e-01 1.701509154937942192e+00 -1.134071951010641732e-01 -1.707191183464985551e-01 1.697872900905318616e+00
1.739999999999999880e-01 9.999999999999999799e-13 8.699999999999999400e-02 8.695827730403079547e-01 0.000000000000000000e+00 -1.186848866074141085e-01 8.672345138737637127e-01 -7.436790873142555824e-01 -1.901161971111742927e-02 -9.999999999999999799e-13 -2.538782693689453085e-01 9.755320808851777881e-02 1.886962919700813757e+00 -1.090060291407164289e-01 -4.137599255143205590e-01 1.686084160956183631e+00
1.739999999999999880e-01 9.999999999999999799e-13 8.699999999999999400e-02 8.197153983452908355e-01 0.000000000000000000e+00 -1.019257155417734317e-01 6.653963428481033393e-01 0.000000000000000000e+00 1.172854830891023083e-02 -9.999999999999999799e-13 8.699999999999999400e-02 -2.525725258458049738e-01 1.932785778327801296e+00 -9.949924906138156444e-02 -6.233884871546530038e-01 1.601299042414719764e+00
3.422649928314783901e-02 9.999999999999999799e-13 8.699999999999999400e-02 1.046999999999999931e+00 -9.270616970146257074e-01 -6.749405635254489277e-02 9.183136050109702575e-01 0.000000000000000000e+00 4.333042847974052925e-02 -9.999999999999999799e-13 8.699999999999999400e-02 -5.094775546488380380e-01 1.969931693718188548e+00 -8.539954100469419884e-02 -7.741821005509927911e-01 1.464211801966689208e+00
-7.267990025625917228e-02 9.999999999999999799e-13 8.699999999999999400e-02 1.046999999999999931e+00 -1.389846428423984648e+00 -7.550711538787173438e-02 1.046999999999999931e+00 0.000000000000000000e+00 6.931647513763514179e-02 9.999999999999999799e-13 -3.163758449330532352e-02 -7.332806131269998806e-01 1.972612430417378881e+00 -7.483353683759692843e-02 -7.850000000000000311e-01 1.307034337229110221e+00
-1.679381186036665863e-01 9.999999999999999799e-13 8.699999999999999400e-02 1.046999999999999931e+00 -1.775833165338089437e+00 -2.533676721762134765e-01 1.046999999999999931e+00 0.000000000000000000e+00 9.486810329488520876e-02 9.999999999999999799e-13 -1.290777742316731071e-02 -7.850000000000000311e-01 1.885912057078424908e+00 -5.410850938043442609e-02 -7.850000000000000311e-01 1.233771112714199703e+00
-1.739999999999999880e-01 9.999999999999999799e-13 8.699999999999999400e-02 1.046999999999999931e+00 -2.135813157668732032e+00 -3.309317069191620164e-01 1.046999999999999931e+00 0.000000000000000000e+00 1.154921270246520304e-01 9.999999999999999799e-13 1.973503053150001130e-02 -7.850000000000000311e-01 1.751512946329564002e+00 -6.389714202314748792e-02 -7.850000000000000311e-01 1.101660626478332183e+00
-1.739999999999999880e-01 9.999999999999999799e-13 8.699999999999999400e-02 1.046999999999999931e+00 -2.355999999999999872e+00 -6.314211212123034267e-01 1.046999999999999931e+00 -4.376879578042895957e-01 1.325859005578289562e-01 9.999999999999999799e-13 5.498742201032178617e-02 -7.850000000000000311e-01 1.563270964787081496e+00 -7.658657069897217839e-02 -7.333721352660408366e-01 8.977755667158682229e-01
-1.739999999999999880e-01 9.999999999999999799e-13 8.699999999999999400e-02 9.495356337038982630e-01 -2.355999999999999872e+00 -7.850000000000000311e-01 1.046999999999999931e+00 -1.137442199696247158e+00 1.465038151160488467e-01 9.999999999999999799e-13 8.699999999999999400e-02 -7.850000000000000311e-01 1.319583861178508677e+00 -1.042180776949297172e-01 -5.294234170090393876e-01 6.035636397431396460e-01
-1.739999999999999880e-01 9.999999999999999799e-13 8.699999999999999400e-02 3.797757641263306283e-01 -2.355999999999999872e+00 -7.850000000000000311e-01 1.046999999999999931e+00 -1.622842201799642226e+00 1.637301115998630596e-01 9.999999999999999799e-13 8.699999999999999400e-02 -7.850000000000000311e-01 1.069345870441789970e+00 -1.359834758954388267e-01 -3.859203419614238295e-01 5.061282340515633749e-01
-1.739999999999999880e-01 9.999999999999999799e-13 8.699999999999999400e-02 -3.304022022517803803e-02 -2.355999999999999872e+00 -7.850000000000000311e-01 1.046999999999999931e+00 -1.967087889479200769e+00 1.739999999999999880e-01 9.999999999999999799e-13 8.699999999999999400e-02 -7.850000000000000311e-01 8.392505254503390688e-01 -1.619310162136470277e-01 -2.072216816307612675e-01 4.728979852737964507e-01
-1.739999999999999880e-01 9.999999999999999799e-13 8.699999999999999400e-02 -2.379908987581018098e-01 -2.337254167192149623e+00 -7.850000000000000311e-01 1.046999999999999931e+00 -2.169986923963661773e+00 1.739999999999999880e-01 9.999999999999999799e-13 8.699999999999999400e-02 -7.850000000000000311e-01 6.907739275867363915e-01 -1.723548580817053921e-01 5.411476105684144555e-02 2.433358620304080233e-01
-1.739999999999999880e-01 9.999999999999999799e-13 8.699999999999999400e-02 -3.432607814158276649e-01 -2.135757612030273478e+00 -7.850000000000000311e-01 3.247395043301852247e-01 -2.197965700939178646e+00 1.739999999999999880e-01 9.999999999999999799e-13 8.699999999999999400e-02 -7.406785190921441053e-01 4.338106652916220440e-01 -1.648915769225808570e-01 3.151918246565192927e-01 0.000000000000000000e+00
-1.739999999999999880e-01 9.999999999999999799e-13 8.699999999999999400e-02 -3.743284312144832815e-01 -1.964918695385332370e+00 -3.151993381050438026e-01 -1.836133289345620867e-01 -2.355999999999999872e+00 1.739999999999999880e-01 9.999999999999999799e-13 8.699999999999999400e-02 -7.094693686493259710e-01 5.949100517686005674e-01 -1.382276312179843425e-01 4.417526169630132671e-01 0.000000000000000000e+00
-1.739999999999999880e-01 9.999999999999999799e-13 8.699999999999999400e-02 -3.416229744730437390e-01 -1.822849828659989235e+00 -2.090794354802734678e-01 -4.124416342104867406e-01 -2.185194314736145671e+00 1.655837942595573264e-01 9.999999999999999799e-13 8.699999999999999400e-02 -6.168369392270305340e-01 7.762043379423264611e-01 -1.090541756306976640e-01 5.641745054228953782e-01 0.000000000000000000e+00
-1.739999999999999880e-01 9.999999999999999799e-13 8.699999999999999400e-02 -2.215799910192003397e-01 -1.725907864768168487e+00 -1.528175409121813322e-01 -4.911955172574267170e-01 -2.023170438280235572e+00 1.341836292229443006e-01 9.999999999999999799e-13 8.699999999999999400e-02 -4.127806090329998456e-01 7.637225936195513043e-01 -8.058965985559424228e-02 6.862587098126030627e-01 0.000000000000000000e+00
-1.739999999999999880e-01 9.999999999999999799e-13 8.699999999999999400e-02 -4.449032411429727774e-02 -1.628987958400530900e+00 -1.077066396736581361e-01 -4.664426157080290292e-01 -1.938116360030103458e+00 9.681798282461030747e-02 9.999999999999999799e-13 8.699999999999999400e-02 -1.277491509729358488e-01 6.343280587358268718e-01 -6.865756481309860659e-02 7.850000000000000311e-01 0.000000000000000000e+00
-4.238904222195771093e-02 9.999999999999999799e-13 8.699999999999999400e-02 -3.010567713341372187e-02 -1.479027205383083299e+00 -3.210808482126505936e-01 -6.823401190102156288e-01 -1.787593240287407070e+00 5.536025891848318781e-02 9.999999999999999799e-13 8.699999999999999400e-02 2.386468154594356683e-01 3.269549310814348075e-01 -9.772108036429276445e-02 7.850000000000000311e-01 0.000000000000000000e+00
1.739999999999999880e-01 9.999999999999999799e-13 8.699999999999999400e-02 -1.241444334501583813e-01 -1.289547926063708161e+00 -4.521492470938018315e-01 -7.850000000000000311e-01 -1.675043017526967937e+00 1.190855417842002183e-02 9.999999999999999799e-13 8.699999999999999400e-02 5.921208805226623184e-01 0.000000000000000000e+00 -1.411350715070610606e-01 7.850000000000000311e-01 0.000000000000000000e+00
1.739999999999999880e-01 -9.999999999999999799e-13 8.699999999999999400e-02 1.484994420882060073e-01 -1.376081914739086365e+00 -4.262051057171973856e-01 -7.850000000000000311e-01 -1.678907587283180902e+00 -2.935454702033938462e-02 9.999999999999999799e-13 8.699999999999999400e-02 7.622298126109318117e-01 0.000000000000000000e+00 -2.081892786630807624e-01 7.850000000000000311e-01 0.000000000000000000e+00
1.739999999999999880e-01 -9.999999999999999799e-13 8.699999999999999400e-02 3.915497830614178554e-01 -1.485207825328580533e+00 8.699999999999999400e-02 -4.690701131951552361e-01 -1.730578024529278558e+00 -6.331840580564088161e-02 -9.999999999999999799e-13 8.699999999999999400e-02 7.850000000000000311e-01 0.000000000000000000e+00 -1.711008914283305427e-01 7.850000000000000311e-01 5.195262017858111037e-01
1.739999999999999880e-01 -9.999999999999999799e-13 8.699999999999999400e-02 6.559747012427948887e-01 -1.490189732690998525e+00 8.699999999999999400e-02 -2.553570995565013213e-01 -1.634374387589460298e+00 -8.410617969038516883e-02 -9.999999999999999799e-13 8.699999999999999400e-02 7.850000000000000311e-01 0.000000000000000000e+00 -2.615808421454560162e-02 7.850000000000000311e-01 9.101639372670380368e-01
1.739999999999999880e-01 -9.999999999999999799e-13 8.699999999999999400e-02 8.287354465018168526e-01 -1.332311137419587510e+00 -1.858978690049483545e-02 -6.894225254965205552e-02 -1.380715368195282622e+00 -9.259374571432732459e-02 -9.999999999999999799e-13 8.699999999999999400e-02 7.850000000000000311e-01 2.705498530990233519e-01 8.699999999999999400e-02 7.066802955800909336e-01 1.186031943617639861e+00
1.739999999999999880e-01 -9.999999999999999799e-13 8.699999999999999400e-02 8.894624815013635333e-01 -1.036388567036073738e+00 -3.911187980624798721e-02 1.537740927105155642e-01 -1.486720631660583436e+00 -9.193945607749386129e-02 -9.999999999999999799e-13 6.854644364208058172e-02 7.850000000000000311e-01 6.626617370589888978e-01 8.699999999999999400e-02 5.646509846652441045e-01 1.417399522567574621e+00
1.739999999999999880e-01 -9.999999999999999799e-13 8.699999999999999400e-02 8.095129976426659324e-01 -5.357135851167100782e-01 -6.065006115657981672e-02 3.083582451803240088e-01 -1.532267817765462503e+00 -8.358706841770288665e-02 -9.999999999999999799e-13 -1.080981423843405675e-01 7.075492705417130157e-01 1.040770637573848134e+00 8.699999999999999400e-02 3.853217336147448102e-01 1.614439393799031564e+00
1.739999999999999880e-01 -9.999999999999999799e-13 8.699999999999999400e-02 6.830879134594534108e-01 0.000000000000000000e+00 -6.602711834541755143e-02 5.605645577318796313e-01 -1.556184746532183638e+00 -6.847153518961528185e-02 9.999999999999999799e-13 -1.903537375972168266e-01 5.764479982165755523e-01 1.310852776911517026e+00 8.699999999999999400e-02 1.739035265269828212e-01 1.755444675809817667e+00
1.739999999999999880e-01 -9.999999999999999799e-13 8.699999999999999400e-02 7.811785456801428884e-01 0.000000000000000000e+00 -6.782209381097423218e-02 7.818131440575852853e-01 -1.472984618108921673e+00 -5.049086339971566029e-02 9.999999999999999799e-13 -2.486983359709669938e-01 4.218999097235385798e-01 1.546713191084222672e+00 -9.386683275806759208e-02 -8.896161714012655597e-02 1.770323018752105071e+00
1.739999999999999880e-01 -9.999999999999999799e-13 8.699999999999999400e-02 8.455264720183612859e-01 0.000000000000000000e+00 -6.654134680890919085e-02 9.158657210951488548e-01 -1.274014220501860528e+00 -2.958664136875287232e-02 9.999999999999999799e-13 8.699999999999999400e-02 1.435192968717799444e-01 1.669466777895878273e+00 -8.544745588729840691e-02 -3.378103215263164039e-01 1.790769975873345743e+00
1.739999999999999880e-01 -9.999999999999999799e-13 8.699999999999999400e-02 8.636935123431225270e-01 0.000000000000000000e+00 -5.758398411057477628e-02 9.522662214864130448e-01 -9.456737851740850687e-01 -5.571920473345894770e-03 9.999999999999999799e-13 8.699999999999999400e-02 -8.171400180554225234e-02 1.796810807863126414e+00 -7.794887107386981595e-02 -5.585902320359891204e-01 1.739320577054156658e+00
1.336338195548222307e-01 -9.999999999999999799e-13 8.699999999999999400e-02 8.892664591252757988e-01 0.000000000000000000e+00 -5.231858200802936426e-02 8.444157146913034984e-01 -3.115596654396597387e-01 2.208019803004509021e-02 9.999999999999999799e-13 8.699999999999999400e-02 -3.185747102781830709e-01 1.860675171355481439e+00 -6.384449614962156572e-02 -7.152928211220556109e-01 1.615971504457283991e+00
3.742511391259582907e-03 -9.999999999999999799e-13 8.699999999999999400e-02 1.046999999999999931e+00 -4.911102918986323118e-01 -3.499750244737137583e-02 9.319261843489752284e-01 0.000000000000000000e+00 4.994508911195572748e-02 9.999999999999999799e-13 -9.822707922774567835e-02 -5.433790336250945430e-01 1.888327465092965340e+00 -5.563985535828074730e-02 -7.850000000000000311e-01 1.436867966263137397e+00
-1.082269176943506939e-01 9.999999999999999799e-13 8.699999999999999400e-02 1.046999999999999931e+00 -1.166058381888516848e+00 -6.565289716005623388e-02 1.046999999999999931e+00 0.000000000000000000e+00 7.577197929513578012e-02 9.999999999999999799e-13 -8.912185806053225801e-02 -7.555926334691001056e-01 1.835451836607255416e+00 -6.749615282548679374e-02 -7.850000000000000311e-01 1.232529690901002617e+00
-1.739999999999999880e-01 9.999999999999999799e-13 8.699999999999999400e-02 1.046999999999999931e+00 -1.648345346082593643e+00 -2.075974036317418669e-01 1.046999999999999931e+00 0.000000000000000000e+00 1.016579547796735289e-01 9.999999999999999799e-13 -6.342230260001083253e-02 -7.850000000000000311e-01 1.726434741414643703e+00 -9.057746568307556423e-02 -7.413360787982042899e-01 1.068137784681823632e+00
-1.739999999999999880e-01 9.999999999999999799e-13 8.699999999999999400e-02 1.046999999999999931e+00 -2.060002999590198058e+00 -5.075200710756863076e-01 1.046999999999999931e+00 -3.324432440093749719e-01 1.231652391640503941e-01 9.999999999999999799e-13 -2.192350096753348590e-02 -7.850000000000000311e-01 1.563895467979122600e+00 -1.276957105500089173e-01 -5.969574813458243812e-01 8.124867205027168637e-01
-1.739999999999999880e-01 9.999999999999999799e-13 8.699999999999999400e-02 1.046999999999999931e+00 -2.344066649358001353e+00 -7.850000000000000311e-01 1.046999999999999931e+00 -1.085427711573972331e+00 1.409346370274958404e-01 9.999999999999999799e-13 3.481677669428528271e-02 -7.850000000000000311e-01 1.364754584522458458e+00 -1.658389468066842620e-01 -4.651205943062268200e-01 6.391772330870661989e-01
-1.739999999999999880e-01 9.999999999999999799e-13 8.699999999999999400e-02 8.961872157499251035e-01 -2.355999999999999872e+00 -7.850000000000000311e-01 1.046999999999999931e+00 -1.580480897980697463e+00 1.573036590389492173e-01 9.999999999999999799e-13 8.699999999999999400e-02 -7.850000000000000311e-01 1.135411219384445225e+00 -1.962720945801910699e-01 -3.080438196041647148e-01 5.683193852621775122e-01
-1.739999999999999880e-01 9.999999999999999799e-13 8.699999999999999400e-02 4.521698586221085669e-01 -2.355999999999999872e+00 -7.850000000000000311e-01 1.046999999999999931e+00 -1.907363670250619592e+00 1.698166397070685063e-01 9.999999999999999799e-13 8.699999999999999400e-02 -7.850000000000000311e-01 9.197751339155813000e-01 -2.173536072520369788e-01 -7.626880671975666548e-02 4.041756722133094115e-01
-1.739999999999999880e-01 9.999999999999999799e-13 8.699999999999999400e-02 1.838006887877773887e-01 -2.297762712672050345e+00 -7.850000000000000311e-01 1.046999999999999931e+00 -2.133008136642158270e+00 1.730194721857221951e-01 9.999999999999999799e-13 8.699999999999999400e-02 -7.850000000000000311e-01 7.931819994269169172e-01 -2.204637117414885439e-01 2.608672554026382207e-01 0.000000000000000000e+00
-1.739999999999999880e-01 9.999999999999999799e-13 8.699999999999999400e-02 2.588670790785869980e-02 -2.078832685311937212e+00 -7.850000000000000311e-01 5.720475645198158654e-01 -2.190224267299702099e+00 1.644999994320471004e-01 9.999999999999999799e-13 8.699999999999999400e-02 -7.850000000000000311e-01 6.289596640476906586e-01 -2.109225813319781095e-01 3.981181954404023893e-01 0.000000000000000000e+00
-1.739999999999999880e-01 9.999999999999999799e-13 8.699999999999999400e-02 -3.167130398486485421e-02 -1.893437952532472046e+00 -4.034010524892824301e-01 1.593510582285994140e-02 -2.355999999999999872e+00 1.494487216570973553e-01 9.999999999999999799e-13 8.699999999999999400e-02 -7.760376739027183834e-01 7.705881443457354152e-01 -1.833047563562661686e-01 5.367147126351037301e-01 0.000000000000000000e+00
-1.739999999999999880e-01 9.999999999999999799e-13 8.699999999999999400e-02 -4.420898380235738765e-04 -1.750532049965446646e+00 -2.400666209162293230e-01 -1.805581179669178971e-01 -2.289200271247235463e+00 1.291359752616447198e-01 9.999999999999999799e-13 8.699999999999999400e-02 -6.808286802432096385e-01 9.570066036204618598e-01 -1.571279932720028305e-01 6.619387246144997627e-01 0.000000000000000000e+00
-1.739999999999999880e-01 9.999999999999999799e-13 8.699999999999999400e-02 1.128067936523154124e-01 -1.632100655657888311e+00 -1.377868800751269884e-01 -2.195481902284367182e-01 -2.134039543253915205e+00 9.682426621913368947e-02 9.999999999999999799e-13 8.699999999999999400e-02 -5.040024344571258919e-01 1.003417818891305657e+00 -1.286423370284745793e-01 7.777648108015049466e-01 0.000000000000000000e+00
-4.228949340409901558e-02 9.999999999999999799e-13 8.699999999999999400e-02 9.339544880591676979e-02 -1.489202439107123688e+00 8.699999999999999400e-02 -4.318104633126568226e-01 -1.988770710433681366e+00 5.554014420463026375e-02 9.999999999999999799e-13 8.699999999999999400e-02 -2.675250499461735987e-01 9.736025627252269388e-01 -1.445517839713156283e-01 7.850000000000000311e-01 0.000000000000000000e+00
1.739999999999999880e-01 9.999999999999999799e-13 8.699999999999999400e-02 7.711024947167841037e-03 -1.479433096838299377e+00 -4.831811890114777741e-01 -7.850000000000000311e-01 -1.690229538623452044e+00 1.285701986968718416e-02 9.999999999999999799e-13 8.699999999999999400e-02 -7.269902324276857931e-03 8.933319008350828483e-01 -1.879978561086110556e-01 7.850000000000000311e-01 0.000000000000000000e+00
1.739999999999999880e-01 9.999999999999999799e-13 8.699999999999999400e-02 2.229282193241103605e-01 -1.607858647182419887e+00 8.699999999999999400e-02 -5.773544321989044770e-01 -1.712718608631397466e+00 -3.146149368517697775e-02 9.999999999999999799e-13 8.699999999999999400e-02 2.537433517007022798e-01 7.785470976920709774e-01 -2.521125605365585054e-01 7.850000000000000311e-01 0.000000000000000000e+00
1.739999999999999880e-01 -9.999999999999999799e-13 8.699999999999999400e-02 4.724667712044159362e-01 -1.707455595987103614e+00 8.699999999999999400e-02 -4.020711727660651880e-01 -1.680803658370471965e+00 -6.952211055728646505e-02 9.999999999999999799e-13 6.765765907034380910e-02 5.129884318755241202e-01 6.116225418754943632e-01 -1.503449592958078229e-01 7.850000000000000311e-01 6.805355627565896626e-01
1.739999999999999880e-01 -9.999999999999999799e-13 8.699999999999999400e-02 7.331493973527380970e-01 -1.699947476826905834e+00 4.177473779131864184e-03 -1.926470404444660944e-01 -1.558451151404397272e+00 -8.990998379292663989e-02 9.999999999999999799e-13 3.713542847869202163e-02 6.565015647729963710e-01 5.792724595453844216e-01 5.200549289157146982e-02 6.478106149963493987e-01 1.085343236802090772e+00
1.739999999999999880e-01 -9.999999999999999799e-13 8.699999999999999400e-02 9.343113641711233708e-01 -1.581159354705913955e+00 -2.270868017145261097e-02 -2.476030042743396914e-02 -1.510810643745086779e+00 -9.566770448043582231e-02 -9.999999999999999799e-13 1.861561124369797565e-02 7.033490005628051378e-01 6.371782633775007199e-01 8.699999999999999400e-02 5.319620485798217668e-01 1.329628001255114711e+00
1.739999999999999880e-01 -9.999999999999999799e-13 8.699999999999999400e-02 1.040041545934391021e+00 -1.378160872195176800e+00 -1.036223717901909869e-01 1.071001370467569297e-01 -1.579019158863199657e+00 -8.756681569858633385e-02 -9.999999999999999799e-13 -8.637581639409203094e-02 6.395061100921763941e-01 8.685500052173411589e-01 8.699999999999999400e-02 3.553649825547470775e-01 1.543893628240974536e+00
1.739999999999999880e-01 -9.999999999999999799e-13 7.287042247998030964e-02 1.046999999999999931e+00 -1.078491175661326018e+00 -1.443328146079579100e-01 2.835943581906048006e-01 -1.630203463714889445e+00 -7.006513805140682227e-02 -9.999999999999999799e-13 -1.308533730180336252e-01 5.415857334757978592e-01 1.085571597718137937e+00 -1.146551155442146058e-01 1.103283039301378443e-01 1.640011548707811961e+00
1.739999999999999880e-01 -9.999999999999999799e-13 4.235797820485677490e-02 9.529235803205462485e-01 -5.930426115003735177e-01 -1.813125267744739588e-01 4.601394857251262516e-01 -1.643791817750395623e+00 -5.216540109372389683e-02 -9.999999999999999799e-13 -1.811334139823266021e-01 4.131268322887823308e-01 1.308856594823939901e+00 -1.115718858218992804e-01 -1.481657443689617382e-01 1.755153069068192906e+00
1.739999999999999880e-01 -9.999999999999999799e-13 1.203901512142564224e-02 7.721175051841122627e-01 0.000000000000000000e+00 -1.862316281708278065e-01 6.623673112438074329e-01 -1.620372672943107162e+00 -3.273592585674352934e-02 -9.999999999999999799e-13 -2.265800940274575181e-01 2.723917418372145960e-01 1.515105725876690457e+00 -1.117803661397922671e-01 -4.034675125666074003e-01 1.787856938801438034e+00
1.739999999999999880e-01 -9.999999999999999799e-13 -1.003715575528002502e-02 8.359566267582799748e-01 0.000000000000000000e+00 -2.020215794723540514e-01 8.513131224511812922e-01 -1.495435398316006470e+00 -8.427393987664101582e-03 -9.999999999999999799e-13 -2.545361804548056384e-01 1.057056996731421949e-01 1.684376111001110843e+00 -1.068146084723354816e-01 -6.285922651351246726e-01 1.742177474320138586e+00
1.542958751042124987e-01 -9.999999999999999799e-13 -6.807116704686821257e-03 8.859914245331848015e-01 0.000000000000000000e+00 -2.058930539873014831e-01 9.840554307630525743e-01 -1.281151297371534881e+00 1.747573549803587908e-02 -9.999999999999999799e-13 8.699999999999999400e-02 -1.558408547372382436e-01 1.734027593495275354e+00 -9.742128972581816371e-02 -7.850000000000000311e-01 1.629381391482393582e+00
2.257234157345055711e-02 -9.999999999999999799e-13 3.788583832344335350e-02 1.046999999999999931e+00 0.000000000000000000e+00 -2.102727851000002479e-01 1.046999999999999931e+00 -8.096118858081524650e-01 4.580355046956428172e-02 9.999999999999999799e-13 -8.400074972626278558e-02 -3.755936103111316426e-01 1.820878638007173755e+00 -8.709364573138760057e-02 -7.850000000000000311e-01 1.448801873349044200e+00
-1.228258771350328460e-01 -9.999999999999999799e-13 8.699999999999999400e-02 1.046999999999999931e+00 0.000000000000000000e+00 -1.836057983412369976e-01 9.657943753683623234e-01 0.000000000000000000e+00 7.850189372348355399e-02 9.999999999999999799e-13 -7.478646429424633257e-02 -6.091241943478095111e-01 1.820820650143478048e+00 -8.997338131479631906e-02 -7.850000000000000311e-01 1.199707654465174578e+00
-1.739999999999999880e-01 9.999999999999999799e-13 8.699999999999999400e-02 1.046999999999999931e+00 -1.075368962765072212e+00 -1.814925592396342546e-01 1.046999999999999931e+00 0.000000000000000000e+00 1.091095037525996458e-01 9.999999999999999799e-13 -5.323792382520771416e-02 -7.850000000000000311e-01 1.764028577005083420e+00 -9.034766499428362185e-02 -7.850000000000000311e-01 9.988147827104745247e-01
-1.739999999999999880e-01 9.999999999999999799e-13 8.699999999999999400e-02 1.046999999999999931e+00 -1.609295752431052051e+00 -2.262856431559721326e-01 1.046999999999999931e+00 0.000000000000000000e+00 1.407471756633341953e-01 9.999999999999999799e-13 -1.766655317154074145e-02 -7.850000000000000311e-01 1.637084970462275635e+00 -9.102905970381953982e-02 -7.850000000000000311e-01 7.961954253220975275e-01
-1.739999999999999880e-01 9.999999999999999799e-13 8.699999999999999400e-02 1.046999999999999931e+00 -2.015966650489152023e+00 -3.903074785017145443e-01 1.046999999999999931e+00 0.000000000000000000e+00 1.706638194248169260e-01 9.999999999999999799e-13 3.559102077822416665e-02 -7.850000000000000311e-01 1.441672279834958381e+00 -8.575729671712495339e-02 -7.011694511054444856e-01 5.825246634178267158e-01
-1.739999999999999880e-01 9.999999999999999799e-13 8.699999999999999400e-02 1.046999999999999931e+00 -2.351266310905059775e+00 -7.539937827026194084e-01 1.046999999999999931e+00 -8.414573290743181389e-01 1.739999999999999880e-01 9.999999999999999799e-13 8.699999999999999400e-02 -7.850000000000000311e-01 1.228929359605709593e+00 -1.077208149220450356e-01 -6.559052621156221674e-01 6.511526944701842012e-01
-1.739999999999999880e-01 9.999999999999999799e-13 8.699999999999999400e-02 9.966730108582567693e-01 -2.355999999999999872e+00 -7.850000000000000311e-01 1.046999999999999931e+00 -1.454552301603369457e+00 1.739999999999999880e-01 9.999999999999999799e-13 8.699999999999999400e-02 -7.850000000000000311e-01 1.023578999683804724e+00 -1.308259886304559139e-01 -5.837378516047423416e-01 7.618142388494408834e-01
-1.739999999999999880e-01 9.999999999999999799e-13 8.699999999999999400e-02 4.054710758528962122e-01 -2.355999999999999872e+00 -7.850000000000000311e-01 1.046999999999999931e+00 -1.883919209062643318e+00 1.739999999999999880e-01 9.999999999999999799e-13 8.699999999999999400e-02 -7.850000000000000311e-01 8.098600186673641232e-01 -1.651020216727858425e-01 -4.501769075419115307e-01 7.628194875463378821e-01
-1.739999999999999880e-01 9.999999999999999799e-13 8.699999999999999400e-02 -1.212761555830066916e-02 -2.355999999999999872e+00 -5.734289946984140185e-01 1.046999999999999931e+00 -2.292338335608921529e+00 1.739999999999999880e-01 9.999999999999999799e-13 8.699999999999999400e-02 -7.850000000000000311e-01 6.975180015992910043e-01 -1.963701329162896025e-01 -2.818525569337569370e-01 6.718119146906449402e-01
-1.739999999999999880e-01 9.999999999999999799e-13 8.699999999999999400e-02 -2.415241262450422421e-01 -2.228847307911811626e+00 -4.178495842251727654e-01 9.159638526555751170e-01 -2.355999999999999872e+00 1.739999999999999880e-01 9.999999999999999799e-13 8.699999999999999400e-02 -7.850000000000000311e-01 4.939034904688837102e-01 -2.111208415810363614e-01 -7.641801363552867821e-02 5.030918873883809539e-01
-1.739999999999999880e-01 9.999999999999999799e-13 8.699999999999999400e-02 -3.916717863179903225e-01 -2.059836819835857646e+00 -2.105556519760853618e-01 4.069674388038989066e-01 -2.355999999999999872e+00 1.739999999999999880e-01 9.999999999999999799e-13 8.699999999999999400e-02 -7.850000000000000311e-01 6.339035655384996915e-01 -2.030887074610753518e-01 1.440771246091758495e-01 3.088082381254819708e-01
-1.739999999999999880e-01 9.999999999999999799e-13 8.699999999999999400e-02 -4.883430360648698398e-01 -1.927830264096033197e+00 -1.236354040844332564e-01 2.324633742463839692e-01 -2.258141669860875389e+00 1.655422179151766204e-01 9.999999999999999799e-13 8.699999999999999400e-02 -7.672041484135995182e-01 8.184792270256231461e-01 -1.893765374383342970e-01 4.247187685795651979e-01 0.000000000000000000e+00
-1.739999999999999880e-01 9.999999999999999799e-13 8.699999999999999400e-02 -5.008546227130568074e-01 -1.845276112327157492e+00 -1.240478819493707474e-01 1.926110726165682352e-01 -2.029247157346800279e+00 1.329108949533205075e-01 9.999999999999999799e-13 8.699999999999999400e-02 -6.474476355789504645e-01 9.218761639163108867e-01 -1.603776519069061712e-01 5.575411476245002440e-01 0.000000000000000000e+00
-1.739999999999999880e-01 9.999999999999999799e-13 8.699999999999999400e-02 -4.310004854654700401e-01 -1.830444077001346592e+00 -1.181692490118573802e-01 2.756287038762979535e-01 -1.804500548748276145e+00 9.482786159966424822e-02 9.999999999999999799e-13 8.699999999999999400e-02 -4.693434815994729781e-01 9.364853262231482844e-01 -1.352385361715170708e-01 6.830210200599097226e-01 0.000000000000000000e+00
-3.744275954148664626e-02 9.999999999999999799e-13 8.699999999999999400e-02 -5.095131857730377245e-01 -1.793804285917491192e+00 -3.110740945658301958e-03 2.333972526020768878e-01 -1.655590481949714921e+00 5.517603931243295762e-02 9.999999999999999799e-13 8.699999999999999400e-02 -2.573549642491818612e-01 9.035832169052042673e-01 -1.149041334935686359e-01 7.850000000000000311e-01 0.000000000000000000e+00
1.739999999999999880e-01 9.999999999999999799e-13 8.699999999999999400e-02 -6.692639095475066968e-01 -1.691382930243678473e+00 1.968576057400031262e-02 9.600355731962793848e-02 -1.525360349318101605e+00 1.530089244851844978e-02 9.999999999999999799e-13 8.699999999999999400e-02 -3.017464758135287445e-02 8.266678840876782175e-01 -1.426036236727433737e-01 7.850000000000000311e-01 0.000000000000000000e+00
1.739999999999999880e-01 9.999999999999999799e-13 8.699999999999999400e-02 -4.846229763026155268e-01 -1.653078115281955363e+00 9.623631141543487547e-03 2.826432137730834904e-01 -1.594884804656723887e+00 -2.506736664644533541e-02 -9.999999999999999799e-13 8.699999999999999400e-02 1.842743279545736024e-01 7.438680502886096946e-01 -1.559946131936469360e-01 7.850000000000000311e-01 2.045374364485743612e-01
1.739999999999999880e-01 9.999999999999999799e-13 8.699999999999999400e-02 -2.985122163308385201e-01 -1.571577528395746270e+00 -2.788516992741891729e-02 4.452062887169865868e-01 -1.629431219112627893e+00 -6.123224522400948916e-02 -9.999999999999999799e-13 8.699999999999999400e-02 3.865040416302854553e-01 6.605881249632661323e-01 -1.186729337293009612e-01 7.300932035855506319e-01 6.893072154826649367e-01
1.739999999999999880e-01 9.999999999999999799e-13 8.699999999999999400e-02 -1.213076277572736617e-01 -1.450667853791892448e+00 -4.230776543877176610e-02 6.251700657733495481e-01 -1.654085762283838079e+00 -8.707009518765793099e-02 -9.999999999999999799e-13 8.699999999999999400e-02 5.141482770524390400e-01 6.827761254963000681e-01 8.699999999999999400e-02 6.534940811199650978e-01 1.064092769369185731e+00
1.739999999999999880e-01 -9.999999999999999799e-13 8.699999999999999400e-02 7.678862136228697954e-01 0.000000000000000000e+00 -1.170150061036493300e-01 7.423309888609770368e-01 -1.293015662318818926e+00 -1.049212505972576814e-01 9.999999999999999799e-13 -3.581836608677503586e-02 2.237191247193720534e-01 1.634971735566566053e+00 -8.948413851567167676e-02 -1.044637974646782375e-01 1.820592894341597656e+00
