-9.999999999999999799e-13 1.296621925467084935e-01 8.699999999999999400e-02 6.844894651214781245e-01 -1.653451770654105424e+00 -3.184283924655615522e-02 1.046999999999999931e+00 -8.133603838103882211e-01 9.999999999999999799e-13 -3.468557897846278465e-02 8.699999999999999400e-02 6.127644163903173125e-01 3.499065911728109768e-01 -1.632682290427507621e-01 -6.355080410528896051e-01 1.107288835764542512e+00
-9.999999999999999799e-13 1.107451219320394475e-01 8.699999999999999400e-02 8.057953030520317306e-01 -1.684811337331110437e+00 -8.520559190401347238e-02 1.046999999999999931e+00 -1.190178903410783917e+00 9.999999999999999799e-13 -1.421512129649367753e-02 8.699999999999999400e-02 4.658004654239812914e-01 6.110862588333283441e-01 -1.406639693833343363e-01 -5.976829529601386248e-01 1.133042882749405678e+00
-9.999999999999999799e-13 8.782754942529126529e-02 8.699999999999999400e-02 9.292611726270086914e-01 -1.714299180155751223e+00 -1.433115492295183035e-01 1.046999999999999931e+00 -1.514870067936898934e+00 9.999999999999999799e-13 4.744044524268288716e-03 8.699999999999999400e-02 3.026477698241655245e-01 8.771055601474175845e-01 -1.395153387471428919e-01 -5.502873000266537140e-01 1.206000959059450928e+00
-9.999999999999999799e-13 6.991142966842642248e-02 8.699999999999999400e-02 1.046999999999999931e+00 -1.727764399564473585e+00 -1.999741607499266327e-01 1.046999999999999931e+00 -1.803618833288800793e+00 9.999999999999999799e-13 2.158490551335373944e-02 8.699999999999999400e-02 1.369860219582215433e-01 1.119146217310161617e+00 -1.400621069339280100e-01 -5.092918682737479497e-01 1.251691316746796900e+00
-9.999999999999999799e-13 5.318187317227875827e-02 8.699999999999999400e-02 1.046999999999999931e+00 -1.712637155451914417e+00 -2.491567139660255115e-01 1.046999999999999931e+00 -2.038750509409469558e+00 9.999999999999999799e-13 3.280080437147287614e-02 8.699999999999999400e-02 -4.282614596301535792e-02 1.341229546201126333e+00 -1.344827231222478769e-01 -4.550226823265173803e-01 1.288606723440803847e+00
-9.999999999999999799e-13 2.798895579653943796e-02 8.699999999999999400e-02 1.046999999999999931e+00 -1.663724796107714177e+00 -3.124239745938187096e-01 1.046999999999999931e+00 -2.172318281011918373e+00 9.999999999999999799e-13 4.256655621622875557e-02 8.699999999999999400e-02 -2.131616881682296960e-01 1.505217923390211432e+00 -1.128696855239292862e-01 -3.805405994768117917e-01 1.303105812126876373e+00
-9.999999999999999799e-13 -1.007221661185316204e-02 8.699999999999999400e-02 1.046999999999999931e+00 -1.592215045481888858e+00 -4.057764125645070830e-01 9.437954013125495756e-01 -2.173264413019924568e+00 9.999999999999999799e-13 5.616559654563838683e-02 8.699999999999999400e-02 -3.732588290415885246e-01 1.627212457019919789e+00 -8.597676851774532780e-02 -3.007866167968835658e-01 1.299005710610013686e+00
-9.999999999999999799e-13 -4.356911230976626831e-02 8.699999999999999400e-02 1.046999999999999931e+00 -1.496237267612655408e+00 -4.543486644578275113e-01 5.794018403651665095e-01 -2.112013213157964309e+00 9.999999999999999799e-13 7.547915557905918171e-02 8.699999999999999400e-02 -5.148242995516646436e-01 1.693182404419890652e+00 -5.641231302025340871e-02 -2.137641833215936094e-01 1.274178791171796554e+00
-9.999999999999999799e-13 -7.120615593068595206e-02 8.699999999999999400e-02 1.046999999999999931e+00 -1.354764716691501114e+00 -4.294142604734307311e-01 3.528464459533434128e-01 -2.018694217647905909e+00 9.999999999999999799e-13 9.148352499430756346e-02 8.699999999999999400e-02 -6.240554609403604625e-01 1.694446110078311918e+00 -2.527700747581227217e-02 -1.090405177701950917e-01 1.210695421797233884e+00
-9.999999999999999799e-13 -9.278699766424176876e-02 8.699999999999999400e-02 1.046999999999999931e+00 -1.145701053172543560e+00 -4.041812584543099107e-01 2.811335138919260901e-01 -1.850397836657237782e+00 9.999999999999999799e-13 1.017548793293475418e-01 8.699999999999999400e-02 -6.929020403317046606e-01 1.633664569369631003e+00 7.469725976478369493e-03 1.614229787775864691e-02 1.108069830050455451e+00
-9.999999999999999799e-13 -1.053852544277091852e-01 8.699999999999999400e-02 1.046999999999999931e+00 -8.567898520362158266e-01 -4.110137882939557952e-01 2.455673045410918520e-01 -1.729064415970484880e+00 9.999999999999999799e-13 1.055106715432162640e-01 8.699999999999999400e-02 -7.332689621099151012e-01 1.535871521806122075e+00 3.862783596424669563e-02 1.557182856076092525e-01 9.694279412528601370e-01
-9.999999999999999799e-13 -1.095766678332673050e-01 8.699999999999999400e-02 1.046999999999999931e+00 -4.311347782549397323e-01 -4.566694363184867211e-01 2.254290969691976620e-01 -1.586106350272434184e+00 9.999999999999999799e-13 9.873281562917657350e-02 8.699999999999999400e-02 -7.551015324227889902e-01 1.422648828253965547e+00 5.919587147280256506e-02 3.051365463986775439e-01 7.987540128341015233e-01
-9.999999999999999799e-13 -1.060020578356973969e-01 8.699999999999999400e-02 8.964543874927903833e-01 0.000000000000000000e+00 -3.790924400158284246e-01 3.084633087576148514e-01 -1.536928636301446716e+00 9.999999999999999799e-13 8.720319207703194908e-02 8.699999999999999400e-02 -7.708273344735872001e-01 1.318144074255858555e+00 5.826930148551441591e-02 4.407034346333817409e-01 6.338474424561315601e-01
-9.999999999999999799e-13 -9.783060742188595671e-02 8.699999999999999400e-02 9.136818576497945932e-01 0.000000000000000000e+00 -3.096074753252738287e-01 4.427557968500190344e-01 -1.518858582602151230e+00 9.999999999999999799e-13 7.416879117447625069e-02 8.699999999999999400e-02 -7.850000000000000311e-01 1.241879585119756157e+00 4.068511032699503177e-02 5.591768198198022732e-01 4.764586689645682327e-01
-9.999999999999999799e-13 -8.316454208275360360e-02 8.699999999999999400e-02 8.904036426028898443e-01 0.000000000000000000e+00 -2.972403987135973646e-01 5.208195368238635048e-01 -1.467761741508314621e+00 9.999999999999999799e-13 6.022725117127673833e-02 7.900692709653964196e-02 -7.850000000000000311e-01 1.207425488132920499e+00 1.461545504641284694e-02 6.608409589532839856e-01 3.152135059970486708e-01
-9.999999999999999799e-13 -6.600980254434160588e-02 8.699999999999999400e-02 1.046999999999999931e+00 -5.203703460936761616e-01 -3.010196125376571330e-01 6.249882331369692734e-01 -1.450084899264594718e+00 9.999999999999999799e-13 4.732039451649749928e-02 6.209003267181478769e-02 -7.850000000000000311e-01 1.202087326592894634e+00 -1.669723025883496081e-02 6.665012461427195500e-01 3.268027583319170759e-01
-9.999999999999999799e-13 -4.922860101201077115e-02 8.699999999999999400e-02 1.046999999999999931e+00 -9.934993359480763786e-01 -2.750565633726755332e-01 7.422486290638216078e-01 -1.494330915726783893e+00 9.999999999999999799e-13 3.586466495189988279e-02 4.950836474236884610e-02 -7.602541516226677398e-01 1.204029300796742419e+00 -5.248867338080186185e-02 5.879633860675528290e-01 4.755653688906775756e-01
-9.999999999999999799e-13 -3.312108510530336475e-02 8.699999999999999400e-02 1.046999999999999931e+00 -1.386135069848354107e+00 -2.501318378934704323e-01 8.697420922802051590e-01 -1.541559936935264830e+00 9.999999999999999799e-13 2.575455548684687720e-02 6.131850897711566689e-02 -7.158534918813800330e-01 1.252262633801331404e+00 -8.253922241750315247e-02 4.759135294165571239e-01 6.724471473652453568e-01
-9.999999999999999799e-13 -2.050046847331702879e-02 8.699999999999999400e-02 1.046999999999999931e+00 -1.720666524345091375e+00 -2.561711356164265707e-01 9.936987589593127002e-01 -1.563414119525142532e+00 9.999999999999999799e-13 1.965449651711303689e-02 8.019740430616563442e-02 -6.619151140992740601e-01 1.306248072276785521e+00 -1.068608276318788325e-01 3.409542156080399566e-01 8.831317302459158469e-01
-9.999999999999999799e-13 -3.192668313823645958e-03 8.699999999999999400e-02 1.046999999999999931e+00 -2.011135501373876089e+00 -2.630473054054264792e-01 1.046999999999999931e+00 -1.564322765053489661e+00 9.999999999999999799e-13 1.396508374028517137e-02 8.699999999999999400e-02 -6.101651900508040516e-01 1.343585635431562508e+00 -1.314738098133418631e-01 2.055035177812629121e-01 1.065711210761600469e+00
-9.999999999999999799e-13 1.790768101341881288e-02 8.699999999999999400e-02 1.046999999999999931e+00 -2.230965631527801918e+00 -2.666202780166924136e-01 1.046999999999999931e+00 -1.552418851777238373e+00 9.999999999999999799e-13 1.242517824071501936e-02 8.699999999999999400e-02 -5.456019120269437472e-01 1.367389861368137005e+00 -1.600738900668218501e-01 6.551990315483720295e-02 1.225481470007205864e+00
-9.999999999999999799e-13 4.084250009529963310e-02 8.699999999999999400e-02 7.767454586669836347e-01 -2.331566798591028000e+00 -2.549353993497824877e-01 1.046999999999999931e+00 -1.516484874886947942e+00 9.999999999999999799e-13 3.644583187873796991e-04 8.699999999999999400e-02 -4.673378322768387272e-01 1.366458337247693500e+00 -1.946750959812667547e-01 -6.445690574979102971e-02 1.338364134680548823e+00
-9.999999999999999799e-13 6.005353765710413211e-02 8.699999999999999400e-02 4.337370249347800577e-01 -2.317486343226601520e+00 -2.391893681402805227e-01 1.046999999999999931e+00 -1.436097382676118528e+00 9.999999999999999799e-13 -1.703833087545841146e-02 8.699999999999999400e-02 -3.728023820589946857e-01 1.333368348305578266e+00 -2.330347107038267251e-01 -1.812299574035200200e-01 1.400803846079222481e+00
-9.999999999999999799e-13 8.187137065616981180e-02 8.699999999999999400e-02 2.036553289415143631e-01 -2.236185917402400136e+00 -2.148816958493322271e-01 1.046999999999999931e+00 -1.326925794208727361e+00 9.999999999999999799e-13 -3.982308615953147196e-02 8.699999999999999400e-02 -2.772623822815171724e-01 1.283244325069986758e+00 -2.746181605055901254e-01 -2.762704023075813753e-01 1.406157857008912160e+00
-9.999999999999999799e-13 1.051966810928996049e-01 8.699999999999999400e-02 9.577841194132086233e-02 -2.138256771527039746e+00 -1.844077920269400483e-01 1.046999999999999931e+00 -1.185829045479922073e+00 9.999999999999999799e-13 -5.519568453205878772e-02 8.699999999999999400e-02 -1.616843996079859180e-01 1.198873335752670855e+00 -3.122080066166978973e-01 -3.553291991493927604e-01 1.366934464657639126e+00
9.999999999999999799e-13 1.262722306448455234e-01 8.699999999999999400e-02 7.860221259132950389e-02 -2.051447917038768054e+00 -1.534048179604403928e-01 1.046999999999999931e+00 -9.849429631045198974e-01 9.999999999999999799e-13 -5.885724164128880442e-02 8.699999999999999400e-02 -2.876879848562801517e-02 1.076689832526704471e+00 -3.398397898246489079e-01 -4.111514933570142860e-01 1.289024037070864104e+00
9.999999999999999799e-13 1.411930591271958746e-01 8.699999999999999400e-02 1.260475454355427793e-01 -1.925771194795252050e+00 -1.279166170523656498e-01 1.046999999999999931e+00 -7.102798279939390724e-01 9.999999999999999799e-13 -5.295698641628410891e-02 8.699999999999999400e-02 1.138399062898122344e-01 9.168743823626588352e-01 -3.547834882569249060e-01 -4.493821385927173062e-01 1.185394064465206121e+00
9.999999999999999799e-13 1.389128677123749322e-01 6.651802742629604748e-02 2.456168621941668961e-01 -1.856940351446171533e+00 -1.048608391346725066e-01 9.868071468725999607e-01 -1.554474457899477358e-01 9.999999999999999799e-13 -4.272117634651139556e-02 8.699999999999999400e-02 2.758538512441852664e-01 7.081142335892902651e-01 -3.640072735540938464e-01 -4.724239167442819132e-01 1.069492102813914158e+00
9.999999999999999799e-13 1.272984642550469558e-01 6.357078316697019338e-02 3.727519157495761126e-01 -1.759345809267927940e+00 -8.077365374014448818e-02 9.434934953225601051e-01 0.000000000000000000e+00 9.999999999999999799e-13 -3.221584560290619709e-02 8.699999999999999400e-02 4.482622229463457675e-01 4.772508120442431334e-01 -3.576844340136455247e-01 -4.986788730871656306e-01 9.885851314462872352e-01
9.999999999999999799e-13 1.142670319731843021e-01 8.699999999999999400e-02 4.825294130590094266e-01 -1.631921793533186005e+00 -6.200474500415655704e-02 9.487710023263412618e-01 0.000000000000000000e+00 9.999999999999999799e-13 -2.084193260654730942e-02 8.699999999999999400e-02 6.499079387831845356e-01 1.734137838302647339e-01 -3.391972022997946645e-01 -5.410010041686750260e-01 9.540632168549070258e-01
9.999999999999999799e-13 9.973629279044510243e-02 8.699999999999999400e-02 6.134369019927031763e-01 -1.625190541539355493e+00 -5.711017002216385585e-02 9.271104298396913856e-01 0.000000000000000000e+00 9.999999999999999799e-13 -9.847830481523656143e-03 8.699999999999999400e-02 7.737772249476403408e-01 0.000000000000000000e+00 -3.096433013346459595e-01 -5.923354982112210010e-01 9.760903242197569440e-01
-9.999999999999999799e-13 1.296621925467084935e-01 8.699999999999999400e-02 6.844894651214781245e-01 -1.653451770654105424e+00 -3.184283924655615522e-02 1.046999999999999931e+00 -8.133603838103882211e-01 9.999999999999999799e-13 -3.468557897846278465e-02 8.699999999999999400e-02 6.127644163903173125e-01 3.499065911728109768e-01 -1.632682290427507621e-01 -6.355080410528896051e-01 1.107288835764542512e+00
