9.999999999999999799e-13 9.039792665901311142e-02 8.699999999999999400e-02 6.502422894379608076e-01 -2.108507860195258488e+00 -2.312072111736360180e-01 9.785359491093721385e-01 0.000000000000000000e+00 9.999999999999999799e-13 -5.909266775181155895e-02 8.699999999999999400e-02 -5.127471320142034106e-01 1.158565247881924165e+00 -1.879333306288415995e-01 -6.143461931166044332e-01 1.463625868211622105e+00
-9.999999999999999799e-13 9.373816093529084570e-02 8.699999999999999400e-02 6.083262892942874478e-01 -2.053374706952722839e+00 -3.254768333796726476e-01 1.046999999999999931e+00 -4.807433505912044325e-01 9.999999999999999799e-13 -6.115762261989370757e-02 8.699999999999999400e-02 -4.393495072510776311e-01 1.199199556679769962e+00 -1.746978281205229244e-01 -7.281384886511909071e-01 1.451226185513176503e+00
-9.999999999999999799e-13 9.152432242318964128e-02 8.699999999999999400e-02 5.968430869813774464e-01 -1.999686388812513371e+00 -4.226267193399741440e-01 1.046999999999999931e+00 -1.131807370805310242e+00 9.999999999999999799e-13 -5.747039148856877139e-02 8.699999999999999400e-02 -3.668251628650868179e-01 1.172639892020749031e+00 -1.587752786808257488e-01 -7.850000000000000311e-01 1.427375931140452359e+00
-9.999999999999999799e-13 8.582945757065101045e-02 8.699999999999999400e-02 6.060420023047983218e-01 -1.948919584267821747e+00 -4.245232024418746364e-01 1.046999999999999931e+00 -1.566447220416439912e+00 9.999999999999999799e-13 -5.066798421884883413e-02 8.699999999999999400e-02 -2.864744738253087175e-01 1.184841321632111644e+00 -1.501609562779609441e-01 -7.850000000000000311e-01 1.368309982147319026e+00
-9.999999999999999799e-13 7.943392402619250947e-02 8.699999999999999400e-02 6.513218194965267882e-01 -1.903249583026813241e+00 -3.912403930398749563e-01 1.046999999999999931e+00 -1.947119765502027811e+00 9.999999999999999799e-13 -4.785793914789595455e-02 8.699999999999999400e-02 -1.972739857494313076e-01 1.165669958285823427e+00 -1.481701408593876779e-01 -7.850000000000000311e-01 1.290608687945719701e+00
-9.999999999999999799e-13 6.944838604547511063e-02 8.699999999999999400e-02 7.309276224021059587e-01 -1.859349173556102741e+00 -3.318471076093388317e-01 1.046999999999999931e+00 -2.264885790088818851e+00 9.999999999999999799e-13 -4.523041550494262542e-02 8.699999999999999400e-02 -1.071221079965054557e-01 1.141033876749039777e+00 -1.540654135992330642e-01 -7.850000000000000311e-01 1.226011030339467567e+00
-9.999999999999999799e-13 5.628832822533779562e-02 8.699999999999999400e-02 8.617072001468945031e-01 -1.902149939578213989e+00 -3.211727186949148161e-01 8.303159493890520659e-01 -2.355999999999999872e+00 9.999999999999999799e-13 -4.775293378297922747e-02 8.699999999999999400e-02 -1.854704314056177666e-02 1.114587482727067425e+00 -1.756708570889680687e-01 -7.850000000000000311e-01 1.256808592256574819e+00
-9.999999999999999799e-13 3.781037120221076436e-02 8.699999999999999400e-02 1.005296959648196653e+00 -1.940810344210266436e+00 -2.367060629207164424e-01 3.112768640023331757e-01 -2.355999999999999872e+00 9.999999999999999799e-13 -5.884276648614827909e-02 8.699999999999999400e-02 8.357199305903280362e-02 1.061864310900324071e+00 -1.916874421886457236e-01 -7.130120245505552345e-01 1.316713869787997204e+00
-9.999999999999999799e-13 1.370472465069881747e-02 8.699999999999999400e-02 1.046999999999999931e+00 -1.907198218261680900e+00 -1.378517434328974667e-01 7.379555899895132165e-02 -2.355999999999999872e+00 9.999999999999999799e-13 -6.518013864122004786e-02 8.699999999999999400e-02 2.068836354504771935e-01 9.638138158558291479e-01 -2.050310564828818349e-01 -6.287098385793222777e-01 1.278825160382289994e+00
-9.999999999999999799e-13 -9.218224481321923847e-03 8.699999999999999400e-02 1.046999999999999931e+00 -1.823366360676950571e+00 -3.227792105288574409e-01 -3.496706015585855643e-02 -2.216822114895848017e+00 9.999999999999999799e-13 -6.188018399045099038e-02 8.699999999999999400e-02 3.382004844055603310e-01 8.072739868902871763e-01 -2.105296814890257051e-01 -5.116808624347505274e-01 1.241708706506972959e+00
-9.999999999999999799e-13 -2.270613427295193471e-02 8.699999999999999400e-02 1.046999999999999931e+00 -1.678626367240859452e+00 8.699999999999999400e-02 6.695093626113026927e-03 -2.198500184504927013e+00 9.999999999999999799e-13 -4.710002905715156979e-02 8.699999999999999400e-02 4.987202759535859786e-01 5.739074768938863258e-01 -2.043197691555155016e-01 -3.819102742433511111e-01 1.162370396732037570e+00
-9.999999999999999799e-13 -2.922586915462608778e-02 8.699999999999999400e-02 1.046999999999999931e+00 -1.492794731011920284e+00 -7.419467072012468634e-02 1.034921000307925942e-01 -2.013234252268285118e+00 9.999999999999999799e-13 -3.022765670691488979e-02 8.699999999999999400e-02 7.047152573032428036e-01 2.388689484504293858e-01 -1.957999361010627215e-01 -2.441475072228666832e-01 1.061389032213440053e+00
-9.999999999999999799e-13 -3.177483534674709759e-02 8.699999999999999400e-02 1.046999999999999931e+00 -1.267197772155157942e+00 -9.381465374119909995e-02 2.283237838546746112e-01 -1.835464707996980138e+00 9.999999999999999799e-13 -1.910701593428592790e-02 8.699999999999999400e-02 7.850000000000000311e-01 0.000000000000000000e+00 -1.847475627364164041e-01 -9.955858711999925059e-02 9.445138669412607157e-01
9.999999999999999799e-13 -3.323935317956032420e-02 8.699999999999999400e-02 1.046999999999999931e+00 -9.831624394553548640e-01 -8.952245321460776395e-02 3.894304002232596984e-01 -1.655295567372524701e+00 9.999999999999999799e-13 -8.398507200986973092e-03 8.699999999999999400e-02 7.850000000000000311e-01 8.069604761488413658e-02 -1.733269065803426656e-01 4.815753203962031687e-02 8.134329284797576776e-01
9.999999999999999799e-13 -2.807652134570343475e-02 8.699999999999999400e-02 1.043034748077370066e+00 -5.582679614743266683e-01 -1.498992701787871806e-01 5.340007902545477192e-01 -1.611995532165025224e+00 9.999999999999999799e-13 5.625218444364587199e-03 8.699999999999999400e-02 6.267174007378931710e-01 4.187165087105935157e-01 -1.599500375449439959e-01 1.848943628914409831e-01 6.879495618220810016e-01
9.999999999999999799e-13 -1.973061546221085635e-02 8.699999999999999400e-02 8.403474426671887487e-01 0.000000000000000000e+00 -1.522422987962974428e-01 6.625902091845428110e-01 -1.571184426196547967e+00 -9.999999999999999799e-13 1.833012658616323121e-02 8.699999999999999400e-02 4.908427535679481535e-01 6.740178991875964698e-01 -1.485248347803832525e-01 2.870944413803524498e-01 6.098227849422741542e-01
9.999999999999999799e-13 -1.217087058287389355e-02 8.699999999999999400e-02 8.891017576152719926e-01 0.000000000000000000e+00 -1.207325954406344715e-01 7.900458286813309972e-01 -1.498109600205623337e+00 -9.999999999999999799e-13 2.980657075987394600e-02 8.699999999999999400e-02 3.751027051503227905e-01 8.860215551901635678e-01 -1.407615663754515634e-01 3.214289753231562852e-01 6.489566111616751343e-01
9.999999999999999799e-13 -8.010674204290357814e-03 8.699999999999999400e-02 9.250553596947912460e-01 0.000000000000000000e+00 -1.442970984844610116e-01 8.761044383367412314e-01 -1.386538202742778836e+00 -9.999999999999999799e-13 4.062127923484274566e-02 8.699999999999999400e-02 2.684803067648474650e-01 1.063667822108605776e+00 -1.428206438787195387e-01 3.193002844892686154e-01 7.530933155091457110e-01
9.999999999999999799e-13 -3.008652749382290277e-03 8.699999999999999400e-02 9.395937384696826378e-01 0.000000000000000000e+00 -1.340676526292227666e-01 9.563115508185452418e-01 -1.257880264199899401e+00 -9.999999999999999799e-13 4.867535741166055530e-02 8.699999999999999400e-02 1.600252887370369748e-01 1.222299913541473160e+00 -1.573275870557374612e-01 2.572196853385144144e-01 9.303761478370429217e-01
9.999999999999999799e-13 5.891785990911127535e-03 8.699999999999999400e-02 9.370941534636890724e-01 0.000000000000000000e+00 -1.309655359032737276e-01 9.962082022783124158e-01 -1.083245785039844478e+00 -9.999999999999999799e-13 5.648840901166764239e-02 8.699999999999999400e-02 5.716315556899076444e-02 1.346402053867590709e+00 -1.710627788125357873e-01 1.604535910327151704e-01 1.124112846886763606e+00
9.999999999999999799e-13 1.240106763771034633e-02 8.699999999999999400e-02 9.229380810811178559e-01 0.000000000000000000e+00 -1.246571401398180040e-01 9.921010524939964936e-01 -8.419802984533291124e-01 -9.999999999999999799e-13 6.263321947263986167e-02 8.699999999999999400e-02 -4.502317199743662013e-02 1.440008406664617269e+00 -1.798852017826304550e-01 5.359320316655707961e-02 1.255316819384175275e+00
9.999999999999999799e-13 2.256376652514152301e-02 8.699999999999999400e-02 9.962498072634122792e-01 -2.313950492793352964e-01 -1.173254818532621507e-01 9.100008649280778572e-01 -4.697628009964098794e-01 -9.999999999999999799e-13 6.777363298653463208e-02 8.699999999999999400e-02 -1.471667420409670524e-01 1.509630124102288917e+00 -1.820923198724249958e-01 -6.221129481355336388e-02 1.316293747922857804e+00
9.999999999999999799e-13 2.991358591367077047e-02 8.699999999999999400e-02 1.046999999999999931e+00 -1.014069889764702026e+00 -9.810179222015109890e-02 7.686358648149040906e-01 0.000000000000000000e+00 -9.999999999999999799e-13 7.097224321277806336e-02 8.699999999999999400e-02 -2.512840895591281209e-01 1.563069136085366573e+00 -1.835194727429415862e-01 -2.018686578627797990e-01 1.339013658007458751e+00
9.999999999999999799e-13 3.788984376649490171e-02 8.699999999999999400e-02 1.046999999999999931e+00 -1.449364618028706531e+00 -8.181876513658450922e-02 8.340146864147033323e-01 0.000000000000000000e+00 -9.999999999999999799e-13 7.363888856663963756e-02 8.699999999999999400e-02 -3.633499561369364916e-01 1.597246704620726376e+00 -1.841501740447615276e-01 -3.454337922377345160e-01 1.331843854219353140e+00
9.999999999999999799e-13 4.237128571937506805e-02 8.699999999999999400e-02 1.046999999999999931e+00 -1.794560572597347914e+00 -6.400705435640337282e-02 8.897762592286131422e-01 0.000000000000000000e+00 -9.999999999999999799e-13 7.362077592168077278e-02 8.699999999999999400e-02 -4.788439102583362250e-01 1.617648864802267106e+00 -1.838996613473035391e-01 -4.741152178176694099e-01 1.303998306775738136e+00
9.999999999999999799e-13 4.743970003700127835e-02 8.699999999999999400e-02 1.046999999999999931e+00 -2.086334770142009631e+00 -6.300852098738070339e-02 9.227147617279967129e-01 0.000000000000000000e+00 9.999999999999999799e-13 7.428814451446857925e-02 8.699999999999999400e-02 -5.907752333210894991e-01 1.618221108861097157e+00 -1.817707413508357628e-01 -5.814872639327096637e-01 1.265265598242841349e+00
9.999999999999999799e-13 4.922060118365339382e-02 8.699999999999999400e-02 1.046999999999999931e+00 -2.289629430143170996e+00 -7.837421522733853396e-02 9.305013615648664027e-01 0.000000000000000000e+00 9.999999999999999799e-13 7.481345284752193014e-02 8.699999999999999400e-02 -6.924231205984499038e-01 1.599497031894220989e+00 -1.785575548911323418e-01 -6.193207227211693366e-01 1.182268180712557459e+00
9.999999999999999799e-13 4.711152573814293004e-02 8.699999999999999400e-02 8.418900799076010077e-01 -2.355999999999999872e+00 -1.220390525950052069e-01 9.313388871744984199e-01 0.000000000000000000e+00 9.999999999999999799e-13 7.379672659696505377e-02 8.699999999999999400e-02 -7.850000000000000311e-01 1.568828851126108148e+00 -1.731191902416001904e-01 -5.633130781977706558e-01 1.053158547551053204e+00
-9.999999999999999799e-13 4.194155782430968038e-02 8.699999999999999400e-02 5.264477227342765353e-01 -2.355999999999999872e+00 -2.611905204558963023e-01 1.046999999999999931e+00 -9.136383011296711487e-01 9.999999999999999799e-13 6.967195559692221374e-02 8.699999999999999400e-02 -7.850000000000000311e-01 1.522028043225040150e+00 -1.785397981509281307e-01 -4.424326148258142521e-01 9.144166293609128360e-01
-9.999999999999999799e-13 3.366574663366943970e-02 8.699999999999999400e-02 2.552579012694816685e-01 -2.355999999999999872e+00 -3.595181080863536494e-01 1.046999999999999931e+00 -1.423937642024323935e+00 9.999999999999999799e-13 6.262439857941251575e-02 8.699999999999999400e-02 -7.850000000000000311e-01 1.457722434837336323e+00 -1.925239645357590679e-01 -3.283337955127475505e-01 8.746904779109314632e-01
-9.999999999999999799e-13 2.753972805318538261e-02 8.699999999999999400e-02 7.929881284049061785e-02 -2.321744663815219045e+00 -4.346349181577969234e-01 1.046999999999999931e+00 -1.822065660625224126e+00 9.999999999999999799e-13 6.053004798121805474e-02 8.699999999999999400e-02 -7.850000000000000311e-01 1.378335460179929584e+00 -2.006108873568699935e-01 -2.466932786394383792e-01 9.026767110003319772e-01
-9.999999999999999799e-13 2.074657467772068539e-02 8.699999999999999400e-02 -2.159279307430655645e-02 -2.214555140287471247e+00 -5.073202626164471374e-01 1.046999999999999931e+00 -2.129144083533608622e+00 9.999999999999999799e-13 6.238651633508340150e-02 8.699999999999999400e-02 -7.850000000000000311e-01 1.261315295710775608e+00 -2.075761904605742947e-01 -1.615902913550382181e-01 8.796309163852926716e-01
-9.999999999999999799e-13 1.632798028362743986e-02 8.699999999999999400e-02 -5.848948861128238502e-02 -2.099282710015528686e+00 -6.496530638377664424e-01 1.046999999999999931e+00 -2.277491178441915842e+00 9.999999999999999799e-13 6.176763829419094909e-02 8.699999999999999400e-02 -7.850000000000000311e-01 1.151096029285729294e+00 -2.086402520018786899e-01 -6.940004838021951450e-02 8.634857542481135795e-01
-9.999999999999999799e-13 1.258598789017837186e-02 8.699999999999999400e-02 -4.777121767209210890e-02 -1.996117232768846783e+00 -6.489298852230611647e-01 3.087226062643486646e-01 -2.355999999999999872e+00 9.999999999999999799e-13 6.754091271411995223e-02 8.699999999999999400e-02 -7.436709568124658665e-01 1.199018690928769892e+00 -2.007313206668658867e-01 1.539962878843362075e-02 8.483348921126685482e-01
-9.999999999999999799e-13 1.604500004983931694e-02 8.699999999999999400e-02 1.417189748280858579e-02 -1.926862578683089744e+00 -4.076846940923248286e-01 -2.853070234327374499e-01 -2.355999999999999872e+00 9.999999999999999799e-13 8.048546803812682560e-02 8.699999999999999400e-02 -6.630859582710042499e-01 1.260477603120416568e+00 -1.857987704775042326e-01 1.174845996501251988e-01 8.149297947601841230e-01
-9.999999999999999799e-13 1.889396458142463334e-02 8.699999999999999400e-02 1.488333124065594759e-01 -1.890138127963458814e+00 -2.439680618622566410e-01 -4.725123399443844630e-01 -2.355999999999999872e+00 9.999999999999999799e-13 8.369043748025992158e-02 8.699999999999999400e-02 -5.666073115605155808e-01 1.245391456994543233e+00 -1.756785525364342737e-01 2.718983330900900941e-01 6.871977351601916695e-01
-9.999999999999999799e-13 1.368517033291343464e-02 8.699999999999999400e-02 3.366285671571166427e-01 -1.825420770534632808e+00 -1.876004113373896942e-01 -5.213689596587299802e-01 -2.205034565009355241e+00 9.999999999999999799e-13 7.557399257762631439e-02 8.699999999999999400e-02 -4.265118166756082796e-01 1.192208422007035473e+00 -1.622882367300481909e-01 4.888694257288458966e-01 4.164904114576684080e-01
-9.999999999999999799e-13 5.371736058318703384e-03 8.699999999999999400e-02 5.495628443361899595e-01 -1.705634449340521996e+00 -1.513361420030074345e-01 -4.468041635494043873e-01 -2.127583554005717303e+00 9.999999999999999799e-13 5.981355241094391678e-02 8.699999999999999400e-02 -2.643550580135924921e-01 1.084227499779441217e+00 -1.474627983621132898e-01 7.687833643624653046e-01 0.000000000000000000e+00
-9.999999999999999799e-13 1.310112830845086953e-03 8.699999999999999400e-02 7.658549644682786095e-01 -1.710305405482738905e+00 -3.002137921993497938e-01 -3.504925880945329864e-01 -1.999884252104777715e+00 9.999999999999999799e-13 4.122032795666002308e-02 8.699999999999999400e-02 -7.953360527460570650e-02 9.326838296685941998e-01 -1.400826778268241812e-01 7.850000000000000311e-01 0.000000000000000000e+00
-9.999999999999999799e-13 -1.032751997065664736e-02 8.699999999999999400e-02 8.560411282365530949e-01 -1.577800861865042314e+00 8.699999999999999400e-02 -1.922862309380713453e-01 -2.069454137235959834e+00 9.999999999999999799e-13 2.246475200150189339e-02 8.699999999999999400e-02 1.165638817189165455e-01 7.409199349080983765e-01 -1.340941277278891453e-01 7.850000000000000311e-01 0.000000000000000000e+00
-9.999999999999999799e-13 -2.090784508967849162e-02 8.699999999999999400e-02 9.624604294558375406e-01 -1.435356533893608066e+00 -8.385305324429530305e-02 7.601498310677050861e-03 -1.959204240536229769e+00 9.999999999999999799e-13 8.199067003016820288e-03 8.699999999999999400e-02 3.194240703419073402e-01 5.113384317521845190e-01 -1.600007365674641913e-01 7.850000000000000311e-01 0.000000000000000000e+00
9.999999999999999799e-13 -3.076999032166410214e-02 8.699999999999999400e-02 1.018637854404040421e+00 -1.235362228940468654e+00 -8.803008726250109717e-02 2.041450105451753372e-01 -1.828356731317294148e+00 9.999999999999999799e-13 -3.462838590127051593e-03 8.699999999999999400e-02 5.204680984327350046e-01 2.586621306693608346e-01 -1.873314078177466813e-01 7.850000000000000311e-01 0.000000000000000000e+00
9.999999999999999799e-13 -4.050529018046361562e-02 8.699999999999999400e-02 1.028217166783678582e+00 -9.727733144977905866e-01 -9.630391641855932938e-02 3.761304324492139028e-01 -1.617945571581802078e+00 -9.999999999999999799e-13 -1.200256486791849257e-02 8.699999999999999400e-02 5.987479284591056272e-01 2.348720550558445197e-01 -1.693227754040365074e-01 7.297241256258691910e-01 3.500860250711399502e-01
9.999999999999999799e-13 -4.520294097668479949e-02 8.699999999999999400e-02 9.481719558065687670e-01 -5.556842952849709860e-01 -1.085707381546267281e-01 5.340226435370410973e-01 -1.480299000519897490e+00 -9.999999999999999799e-13 -1.306599996740702256e-02 8.699999999999999400e-02 5.455981539094798549e-01 4.447735435048940644e-01 -1.789860876067103923e-01 5.381055514466539513e-01 7.030029911708686186e-01
9.999999999999999799e-13 -4.474736692061662829e-02 8.699999999999999400e-02 7.880320317037197153e-01 0.000000000000000000e+00 -1.646594304143488285e-01 7.021681060253689433e-01 -1.427499283681511244e+00 -9.999999999999999799e-13 -8.964131757384133023e-03 7.816214195839195356e-02 4.611371545512667480e-01 6.696080017561083508e-01 -1.887328139221987056e-01 3.776226244283197309e-01 9.524386939998787938e-01
9.999999999999999799e-13 -3.551219673017117634e-02 8.699999999999999400e-02 8.731601031920177558e-01 0.000000000000000000e+00 -1.404596518826253526e-01 8.523909381871495050e-01 -1.346690906371877716e+00 -9.999999999999999799e-13 -3.494004971279970288e-03 6.068436879413112439e-02 3.736213195091510064e-01 8.989806171510981159e-01 -1.968583993390225773e-01 2.432658027322702754e-01 1.109921864916661782e+00
9.999999999999999799e-13 -2.597896310165409561e-02 8.699999999999999400e-02 9.401926958433520776e-01 0.000000000000000000e+00 -1.614800896897084503e-01 9.415613319190975217e-01 -1.187910621615142048e+00 -9.999999999999999799e-13 4.808530637935168328e-03 4.646723169384047586e-02 2.990792417847704110e-01 1.081504860956171044e+00 -2.061271089283102376e-01 1.124207179933479767e-01 1.205735022946061719e+00
9.999999999999999799e-13 -1.841374857062145348e-02 8.699999999999999400e-02 9.769491751878925934e-01 0.000000000000000000e+00 -1.506451467652355214e-01 9.774183987489893921e-01 -9.391308483794560402e-01 -9.999999999999999799e-13 1.435520231257386703e-02 3.339304804532351040e-02 2.040101278776216831e-01 1.247180115003224898e+00 -2.152548456297127821e-01 -2.505653823969314700e-02 1.261925380152471909e+00
9.999999999999999799e-13 -1.054669848014659454e-02 8.699999999999999400e-02 9.764973610543540294e-01 0.000000000000000000e+00 -1.427558874088721008e-01 9.270099571379336600e-01 -5.684455880839394126e-01 -9.999999999999999799e-13 2.164211908824529434e-02 2.374777776948809593e-02 7.593201861248553841e-02 1.410506900336162772e+00 -2.239439097186100847e-01 -1.702235788260528793e-01 1.289562796170487857e+00
9.999999999999999799e-13 -4.504542899155529814e-03 8.699999999999999400e-02 9.599012728686165952e-01 0.000000000000000000e+00 -1.247355482180366876e-01 7.646988029988034397e-01 0.000000000000000000e+00 -9.999999999999999799e-13 2.650496656322782682e-02 1.275864907637518433e-02 -5.491852165133227770e-02 1.555333721595157925e+00 -2.272279248755669501e-01 -3.064756058761589630e-01 1.293359039478791495e+00
9.999999999999999799e-13 -3.883005302262682252e-05 8.699999999999999400e-02 9.044518715657609009e-01 0.000000000000000000e+00 -9.795817114882138243e-02 8.507835034230685212e-01 0.000000000000000000e+00 -9.999999999999999799e-13 3.216569011901197067e-02 9.868128269317476622e-03 -1.913079989078995680e-01 1.672866846904623728e+00 -2.256046367765057736e-01 -4.396473476314922690e-01 1.285562517581617215e+00
9.999999999999999799e-13 -7.852131831324429042e-04 8.699999999999999400e-02 1.046999999999999931e+00 -1.122499577810949667e+00 -8.482484100835462060e-02 9.150967034227556196e-01 0.000000000000000000e+00 9.999999999999999799e-13 3.861920419269952720e-02 1.122089725695026539e-02 -3.337613889452926141e-01 1.749393385441326387e+00 -2.201078718290467306e-01 -5.548939349676773602e-01 1.262754783378928991e+00
9.999999999999999799e-13 -1.758205683723473294e-05 8.699999999999999400e-02 1.046999999999999931e+00 -1.631937852126100097e+00 -9.212533295862583571e-02 9.528478162477861391e-01 0.000000000000000000e+00 9.999999999999999799e-13 4.435149041346881510e-02 1.722706240367390118e-02 -4.881030163014312140e-01 1.794081896202103898e+00 -2.154117686985026203e-01 -6.297117831065648375e-01 1.210900467293088312e+00
-9.999999999999999799e-13 1.358769066194371559e-04 8.699999999999999400e-02 1.046999999999999931e+00 -2.027340533656706967e+00 -1.261914943950498691e-01 9.659868274559818557e-01 0.000000000000000000e+00 9.999999999999999799e-13 5.271600601147382464e-02 2.730936663992628716e-02 -6.434491200299508051e-01 1.801717739920364991e+00 -2.080937317965794175e-01 -6.203067965043579379e-01 1.094989422255634892e+00
-9.999999999999999799e-13 -7.691384096451861149e-03 8.699999999999999400e-02 1.046999999999999931e+00 -2.321679411690691808e+00 -2.690270206365084071e-01 1.046999999999999931e+00 -4.911921544122055394e-01 9.999999999999999799e-13 6.275007884423841609e-02 4.192559990648823953e-02 -7.850000000000000311e-01 1.765014809347065672e+00 -2.034597997602211328e-01 -5.283054430842251126e-01 9.418209982552809834e-01
-9.999999999999999799e-13 -2.047456537597177814e-02 8.699999999999999400e-02 7.048154576784791958e-01 -2.355999999999999872e+00 -4.462200957570706672e-01 1.046999999999999931e+00 -1.126808007056252947e+00 9.999999999999999799e-13 7.228834270330540546e-02 5.889763989882425277e-02 -7.850000000000000311e-01 1.694898057199690555e+00 -2.080400365119023098e-01 -4.055941920510591214e-01 8.785461142486283848e-01
-9.999999999999999799e-13 -2.817189997188167955e-02 8.699999999999999400e-02 2.584587703238182543e-01 -2.355999999999999872e+00 -5.633990739562590999e-01 1.046999999999999931e+00 -1.571671386879805787e+00 9.999999999999999799e-13 8.205638732492066822e-02 8.693586740189769568e-02 -7.850000000000000311e-01 1.594759753306046690e+00 -2.115561798139870275e-01 -2.924727019007385409e-01 9.188133410036174453e-01
-9.999999999999999799e-13 -3.219671899373231783e-02 8.699999999999999400e-02 -5.163955449589222035e-02 -2.355999999999999872e+00 -6.763897569925817477e-01 1.046999999999999931e+00 -1.894668348326278284e+00 9.999999999999999799e-13 9.448322389542526678e-02 8.699999999999999400e-02 -7.850000000000000311e-01 1.468277827950336345e+00 -2.094626584124306967e-01 -1.651267890010467976e-01 8.714154371739564198e-01
-9.999999999999999799e-13 -3.431397836279881375e-02 8.699999999999999400e-02 -2.250693912661401730e-01 -2.246206098871661894e+00 -7.833652702974955861e-01 1.046999999999999931e+00 -2.108198139669196003e+00 9.999999999999999799e-13 1.006621480603895197e-01 8.699999999999999400e-02 -7.850000000000000311e-01 1.255678299904316120e+00 -2.115808684062512879e-01 -1.612846886272985281e-02 7.946108112227729947e-01
-9.999999999999999799e-13 -2.818830031935790764e-02 8.699999999999999400e-02 -3.222419603272302924e-01 -2.091223494598835941e+00 -7.850000000000000311e-01 8.424762222268470380e-01 -2.250145825407142475e+00 9.999999999999999799e-13 1.016900343655164629e-01 8.699999999999999400e-02 -7.820246989631558510e-01 1.062447926455190483e+00 -2.121198930283415829e-01 1.573360230915054059e-01 6.606091355408025834e-01
-9.999999999999999799e-13 -1.920855985170067878e-02 8.699999999999999400e-02 -3.461024466662437904e-01 -1.953943803132584200e+00 -4.957522562980073988e-01 -2.225645192148972829e-01 -2.355999999999999872e+00 9.999999999999999799e-13 1.029709530446845239e-01 8.699999999999999400e-02 -6.904464357138703212e-01 1.100575564811137497e+00 -2.065439572466121199e-01 3.526949148573884085e-01 4.681947345399617433e-01
-9.999999999999999799e-13 -8.727629848876554755e-03 8.699999999999999400e-02 -2.923816035446518136e-01 -1.872937394428455526e+00 -2.826565378205153078e-01 -5.285808895140232666e-01 -2.355999999999999872e+00 9.999999999999999799e-13 1.036714473793896307e-01 8.699999999999999400e-02 -5.719820360990713892e-01 1.144487260607103707e+00 -1.868169947969231526e-01 6.954531653144924164e-01 0.000000000000000000e+00
-9.999999999999999799e-13 -5.740232934995280695e-04 8.699999999999999400e-02 -1.658109312962963988e-01 -1.809925754250771845e+00 -2.214732930991708815e-01 -6.136381573659188682e-01 -2.214528344412975081e+00 9.999999999999999799e-13 9.300224757553766930e-02 8.699999999999999400e-02 -4.246490867966832283e-01 1.069919098756402676e+00 -1.659743602070649082e-01 7.816326932673844929e-01 0.000000000000000000e+00
-9.999999999999999799e-13 2.129553730330918312e-03 8.699999999999999400e-02 1.011387860382049163e-02 -1.719480786269140360e+00 -1.771054898034933045e-01 -5.735658370207875612e-01 -2.086992373733759010e+00 9.999999999999999799e-13 7.941502539414860284e-02 8.699999999999999400e-02 -2.285666851680032141e-01 9.484320314249430339e-01 -1.518861766267366464e-01 7.850000000000000311e-01 0.000000000000000000e+00
-9.999999999999999799e-13 -1.006448121571579908e-03 8.699999999999999400e-02 2.213199107076791183e-01 -1.609594419824340150e+00 -1.358409604922616587e-01 -4.802212838239082737e-01 -1.989658976397983281e+00 9.999999999999999799e-13 6.096136375718351486e-02 8.699999999999999400e-02 -8.270509002716391889e-03 7.550286446816363295e-01 -1.411228352036930644e-01 7.850000000000000311e-01 0.000000000000000000e+00
-9.999999999999999799e-13 -1.196027167232724918e-02 8.699999999999999400e-02 4.199231295755166404e-01 -1.451468275715683376e+00 -4.415562210517725017e-01 -5.348321311455350724e-01 -1.863986331050678125e+00 9.999999999999999799e-13 3.982884892216261019e-02 8.699999999999999400e-02 2.435513813831479690e-01 4.814015470851167322e-01 -1.588288972144289712e-01 7.850000000000000311e-01 0.000000000000000000e+00
9.999999999999999799e-13 -2.140386302830342771e-02 8.699999999999999400e-02 6.309624144082685016e-01 -1.474950524842101096e+00 8.699999999999999400e-02 -2.563830292750362005e-01 -1.969708023525965856e+00 9.999999999999999799e-13 1.686789009100237574e-02 8.699999999999999400e-02 5.863750398825414711e-01 0.000000000000000000e+00 -1.880122502020593334e-01 7.850000000000000311e-01 0.000000000000000000e+00
9.999999999999999799e-13 -3.529368685732651306e-02 8.699999999999999400e-02 7.929064975999271514e-01 -1.385122955016825586e+00 -5.222897819076715437e-02 1.628498687830106382e-03 -1.868145329005018951e+00 9.999999999999999799e-13 -1.912274832413636333e-03 8.699999999999999400e-02 6.738199671770939148e-01 0.000000000000000000e+00 -2.202851254774811363e-01 7.850000000000000311e-01 0.000000000000000000e+00
9.999999999999999799e-13 -4.394302812709720285e-02 8.699999999999999400e-02 9.158898267133497306e-01 -1.236563578939072094e+00 -5.427544566158247485e-02 1.978426348064213358e-01 -1.745267304434786837e+00 -9.999999999999999799e-13 -1.588955105628245962e-02 7.342205586132571904e-02 7.603436969307617588e-01 0.000000000000000000e+00 -2.415139755360124763e-01 7.850000000000000311e-01 0.000000000000000000e+00
9.999999999999999799e-13 -5.039707101032713660e-02 8.699999999999999400e-02 9.794057651343861526e-01 -1.005748083334793819e+00 -6.217386326467347346e-02 3.487228593548710731e-01 -1.541849143498497554e+00 -9.999999999999999799e-13 -2.408803660969816712e-02 5.434934790031672319e-02 7.033012553035212777e-01 2.735139695339920962e-01 -1.640705346162904255e-01 6.520262943356291974e-01 6.496194092720166680e-01
9.999999999999999799e-13 -5.527691206685760028e-02 8.699999999999999400e-02 9.432811684649726747e-01 -6.199675040550065575e-01 -7.169263882314591552e-02 5.238859113142717572e-01 -1.455217841135338475e+00 -9.999999999999999799e-13 -2.493193532559068865e-02 3.776527669168793649e-02 6.136832201856847746e-01 5.870884106301108574e-01 -1.578418730856473995e-01 4.899520775262317662e-01 9.432657955218459733e-01
9.999999999999999799e-13 -4.850361881687964560e-02 8.699999999999999400e-02 7.749273193444116137e-01 0.000000000000000000e+00 -1.226305180285933438e-01 7.096521013024245095e-01 -1.421264067730340308e+00 -9.999999999999999799e-13 -1.791500562785259751e-02 2.519554218489312644e-02 5.255820765029280972e-01 8.539219038478131907e-01 -1.527073612891062526e-01 3.334889592713453088e-01 1.173317991681749994e+00
9.999999999999999799e-13 -3.690931855260095457e-02 8.699999999999999400e-02 8.731944751005868977e-01 0.000000000000000000e+00 -1.179571437253940924e-01 8.706046330982653014e-01 -1.320749757519299905e+00 -9.999999999999999799e-13 -8.313890277699019157e-03 1.801076022281433014e-02 4.174430719754242958e-01 1.082860848194538761e+00 -1.453280541708388274e-01 1.737617855431275449e-01 1.337213624192131078e+00
9.999999999999999799e-13 -2.213037838554104270e-02 8.699999999999999400e-02 9.498510947356602063e-01 0.000000000000000000e+00 -1.511627311927080108e-01 9.499391527335171448e-01 -1.109105421242421841e+00 -9.999999999999999799e-13 -8.718230979509916689e-05 -6.989279438380105458e-02 2.922687079136458976e-01 1.325357513208198945e+00 -1.361510225206889468e-01 1.065297950889028920e-02 1.440958495092956149e+00
9.999999999999999799e-13 -1.369620137354564220e-02 7.643889384201371651e-02 9.973107572131245657e-01 0.000000000000000000e+00 -1.519943171448954466e-01 9.531825365165147446e-01 -7.727750987438071206e-01 -9.999999999999999799e-13 7.147698748210648025e-03 -9.090154251936224949e-02 1.551808287675022768e-01 1.524020293168710793e+00 -1.272741558915425064e-01 -1.532852109417250364e-01 1.494047735963540013e+00
9.999999999999999799e-13 -5.563404533097276485e-03 8.699999999999999400e-02 1.003820079584974101e+00 0.000000000000000000e+00 -1.565920685336069373e-01 7.251624594656398415e-01 0.000000000000000000e+00 -9.999999999999999799e-13 1.123112076920485328e-02 -9.892432937231415702e-02 1.001489386821985059e-02 1.685843593908419535e+00 -1.176193712734361907e-01 -3.207828774020637930e-01 1.511426209273224686e+00
9.999999999999999799e-13 3.707387348222285564e-03 8.699999999999999400e-02 9.903478173610971158e-01 0.000000000000000000e+00 -1.327586161172954193e-01 8.320362549670828889e-01 0.000000000000000000e+00 -9.999999999999999799e-13 1.580795663996543976e-02 -9.340839937520972747e-02 -1.460739882524506594e-01 1.800924442001242909e+00 -1.037520995176100524e-01 -4.811703958993954755e-01 1.497998437537689576e+00
9.999999999999999799e-13 9.400542093947044167e-03 8.699999999999999400e-02 9.360655670064131906e-01 0.000000000000000000e+00 -1.129774259440840672e-01 9.163744599059524543e-01 0.000000000000000000e+00 -9.999999999999999799e-13 2.130466861884023830e-02 3.554871104144795031e-03 -3.295556769824344312e-01 1.853749673857456592e+00 -8.872289298955894632e-02 -6.231436571992902129e-01 1.456071913238769611e+00
9.999999999999999799e-13 1.383415048258220675e-02 8.699999999999999400e-02 1.046999999999999931e+00 -9.124088468947846309e-01 -1.074998148947729354e-01 9.772533586166455288e-01 0.000000000000000000e+00 9.999999999999999799e-13 2.911879541612732644e-02 1.580760498331281252e-02 -4.952154441713013111e-01 1.887600238785489992e+00 -7.442155701075568730e-02 -7.375947241864604376e-01 1.399106738490227819e+00
9.999999999999999799e-13 2.151420423360004761e-02 8.699999999999999400e-02 1.046999999999999931e+00 -1.470415725482535407e+00 -1.134036493509313348e-01 1.016594925368812019e+00 0.000000000000000000e+00 9.999999999999999799e-13 3.818441823925244200e-02 3.517057421034345405e-02 -6.635624316613998319e-01 1.884861970075689896e+00 -6.720244940225574004e-02 -7.850000000000000311e-01 1.325936497498392264e+00
9.999999999999999799e-13 2.876955477775939088e-02 8.699999999999999400e-02 1.046999999999999931e+00 -1.894021929827047757e+00 -1.478474335238819104e-01 1.026472895710577982e+00 0.000000000000000000e+00 9.999999999999999799e-13 4.907210742440245438e-02 6.255072360988846170e-02 -7.850000000000000311e-01 1.839272562050233262e+00 -6.112353143699937597e-02 -7.850000000000000311e-01 1.239985762092890909e+00
-9.999999999999999799e-13 2.800836570750495080e-02 8.699999999999999400e-02 1.046999999999999931e+00 -2.210839828988008904e+00 -1.998929829399590241e-01 1.042712442598270117e+00 0.000000000000000000e+00 9.999999999999999799e-13 5.831567262845405164e-02 8.699999999999999400e-02 -7.850000000000000311e-01 1.749554196206076995e+00 -6.982604735157484088e-02 -7.068639326230899966e-01 1.148900348057495080e+00
-9.999999999999999799e-13 2.037044892668503013e-02 8.699999999999999400e-02 1.025503269029750308e+00 -2.355999999999999872e+00 -4.370303081245433541e-01 1.046999999999999931e+00 -9.484657896347110650e-01 9.999999999999999799e-13 6.473419843993112599e-02 8.699999999999999400e-02 -7.850000000000000311e-01 1.636098913433708724e+00 -7.990860989623586874e-02 -5.440273768244231478e-01 1.006361153528786190e+00
-9.999999999999999799e-13 1.540059643057765763e-02 8.699999999999999400e-02 6.396548856245536374e-01 -2.355999999999999872e+00 -5.212407767997679908e-01 1.046999999999999931e+00 -1.468493837499793564e+00 9.999999999999999799e-13 6.887175760947768233e-02 8.699999999999999400e-02 -7.850000000000000311e-01 1.498821734014189389e+00 -1.091898393317893567e-01 -4.051419616423159176e-01 9.599794163160888516e-01
-9.999999999999999799e-13 1.403724622565201072e-02 8.699999999999999400e-02 3.021893584174429326e-01 -2.355999999999999872e+00 -5.141741149189296145e-01 1.046999999999999931e+00 -1.894119270378002540e+00 9.999999999999999799e-13 7.138521078338222470e-02 8.699999999999999400e-02 -7.850000000000000311e-01 1.338685522196501054e+00 -1.333755242171016653e-01 -2.611686132747236821e-01 9.721697367587331939e-01
-9.999999999999999799e-13 1.524822535958588604e-02 8.699999999999999400e-02 1.059860808890383810e-01 -2.290900729461079699e+00 -4.307561995438869973e-01 1.046999999999999931e+00 -2.267073709897076128e+00 9.999999999999999799e-13 6.827083639169115314e-02 8.699999999999999400e-02 -7.850000000000000311e-01 1.167676685826777749e+00 -1.627758308772032370e-01 -8.593566871410020236e-02 8.497543247063426008e-01
-9.999999999999999799e-13 1.945383477952594697e-02 8.699999999999999400e-02 -1.707660841836790289e-02 -2.109973663724362680e+00 -4.488738761182106130e-01 1.046999999999999931e+00 -2.355999999999999872e+00 9.999999999999999799e-13 5.945462382064634760e-02 8.699999999999999400e-02 -7.850000000000000311e-01 9.999142311887538881e-01 -1.863091299042047011e-01 1.147243886561901960e-01 6.933644816465651672e-01
-9.999999999999999799e-13 2.400871625827065425e-02 8.699999999999999400e-02 -6.061623504842289512e-02 -1.942334265433590446e+00 -3.313542056970206762e-01 2.294625720811053760e-01 -2.355999999999999872e+00 9.999999999999999799e-13 5.788897311553594521e-02 8.699999999999999400e-02 -7.285203526950100317e-01 9.890664888331830440e-01 -1.904642114654646334e-01 3.428598442211605590e-01 4.610049325717380242e-01
-9.999999999999999799e-13 3.089728482892952280e-02 8.699999999999999400e-02 -2.939626809113945333e-02 -1.834186049672888785e+00 -1.751960818103229511e-01 -1.928211832200621423e-01 -2.355999999999999872e+00 9.999999999999999799e-13 6.571633003323866518e-02 8.699999999999999400e-02 -6.392030395504378903e-01 1.103135142670511826e+00 -1.808791304487972484e-01 6.930280166843448830e-01 0.000000000000000000e+00
-9.999999999999999799e-13 3.611669225664587701e-02 8.699999999999999400e-02 8.181917458391053943e-02 -1.741560275425424464e+00 -1.130805881858950451e-01 -3.645613897142330750e-01 -2.206413500812879569e+00 9.999999999999999799e-13 6.616436667013776696e-02 8.699999999999999400e-02 -4.964793048408430165e-01 1.107666082271357766e+00 -1.576561090665746512e-01 7.850000000000000311e-01 0.000000000000000000e+00
-9.999999999999999799e-13 3.006614167343534330e-02 8.699999999999999400e-02 2.426529030404153686e-01 -1.624391025371676456e+00 -3.924531538401207498e-01 -5.405683966913116256e-01 -2.006647688328327739e+00 9.999999999999999799e-13 5.152905973229248565e-02 8.699999999999999400e-02 -3.059866762838502896e-01 1.025739524400828273e+00 -1.394219381555245607e-01 7.850000000000000311e-01 0.000000000000000000e+00
-9.999999999999999799e-13 2.278553332455368272e-02 8.699999999999999400e-02 4.232221693903962523e-01 -1.549179249747339782e+00 -3.152172564826579704e-01 -4.110375155027020111e-01 -1.911598322094123503e+00 9.999999999999999799e-13 3.261122691313973754e-02 8.699999999999999400e-02 -9.074473419274588226e-02 8.871351826650455408e-01 -1.378934312960987674e-01 7.850000000000000311e-01 0.000000000000000000e+00
9.999999999999999799e-13 6.672672868997097523e-03 8.699999999999999400e-02 6.465683042867097496e-01 -1.559699573486241775e+00 -1.564454084268543099e-01 -2.543454317709089585e-01 -1.861814811584634910e+00 9.999999999999999799e-13 1.124900538782017297e-02 8.699999999999999400e-02 1.446619010254287796e-01 6.911133111725709099e-01 -1.687367411848196830e-01 7.850000000000000311e-01 0.000000000000000000e+00
9.999999999999999799e-13 -1.543260784908162021e-02 8.699999999999999400e-02 8.559742911308668711e-01 -1.500060314418655949e+00 -5.347384184495707071e-02 -1.012307319218606338e-01 -1.846362114776912478e+00 -9.999999999999999799e-13 -1.099563824358190493e-02 8.699999999999999400e-02 3.939811144570695700e-01 4.312974119215873259e-01 -2.116348377796855307e-01 7.850000000000000311e-01 0.000000000000000000e+00
9.999999999999999799e-13 -3.055260359478095128e-02 8.699999999999999400e-02 9.834135892360097442e-01 -1.318769985703301728e+00 4.590233964675924372e-02 7.850881968216405493e-02 -1.792840193354868106e+00 -9.999999999999999799e-13 -2.901959201999229979e-02 8.699999999999999400e-02 7.111521915035917685e-01 0.000000000000000000e+00 -2.576643798448667866e-01 7.850000000000000311e-01 0.000000000000000000e+00
9.999999999999999799e-13 -3.859561190591322827e-02 8.699999999999999400e-02 1.026363596246144816e+00 -1.033753305731579530e+00 4.435911687278207283e-02 2.512422739236465641e-01 -1.629978613786430941e+00 -9.999999999999999799e-13 -3.781560957114084298e-02 8.031890163383732795e-02 7.850000000000000311e-01 0.000000000000000000e+00 -1.783288880940800958e-01 7.850000000000000311e-01 4.538772180953536406e-01
9.999999999999999799e-13 -4.598720288370967968e-02 8.699999999999999400e-02 9.594320183079346753e-01 -5.996461748317249985e-01 3.014336107055972866e-02 3.995185770063783282e-01 -1.492917554259237001e+00 -9.999999999999999799e-13 -3.947240238618255487e-02 5.951493549464292182e-02 7.091699169139176195e-01 3.400542363624463604e-01 -1.343074453392599787e-01 6.592590389161204767e-01 8.455870731900478887e-01
9.999999999999999799e-13 -4.334820741979656528e-02 8.699999999999999400e-02 7.895293248558680199e-01 0.000000000000000000e+00 -4.848602893759133836e-02 5.692653782497056891e-01 -1.480370995819211721e+00 -9.999999999999999799e-13 -3.392197959852114725e-02 4.371204746013360870e-02 6.444471796049625612e-01 6.102934261518218051e-01 -1.261732199405787014e-01 4.987092579215840482e-01 1.112354778041176218e+00
9.999999999999999799e-13 -2.987996152516324971e-02 8.699999999999999400e-02 8.796103324788049349e-01 0.000000000000000000e+00 -5.225894719115598691e-02 7.621972712139738482e-01 -1.414835354869701689e+00 -9.999999999999999799e-13 -2.314840598767590324e-02 2.823861878797053956e-02 5.697133724393182996e-01 8.621581662096016174e-01 -1.247405708446047562e-01 3.271758535331287798e-01 1.307984285929478574e+00
9.999999999999999799e-13 -1.956492934254275978e-02 8.699999999999999400e-02 9.505550406080395254e-01 0.000000000000000000e+00 -9.319932020656565563e-02 8.760214838280994121e-01 -1.257683457500872848e+00 -9.999999999999999799e-13 -1.328631760616559403e-02 -5.220894998901889905e-02 4.614205134207099990e-01 1.125427598057251011e+00 -1.258146868462340917e-01 1.463613096152063808e-01 1.439113386123546334e+00
9.999999999999999799e-13 -9.969025176430676774e-03 8.699999999999999400e-02 9.872554769045429612e-01 0.000000000000000000e+00 -9.870310380208315026e-02 9.422028263357149491e-01 -1.019476451112083737e+00 -9.999999999999999799e-13 -4.890422322669798171e-03 -9.358413142882407443e-02 3.513849348520871607e-01 1.349757277317896076e+00 -1.233999302630034434e-01 -4.796912806185062161e-02 1.523575302788951369e+00
9.999999999999999799e-13 -2.130953301787657031e-03 8.699999999999999400e-02 9.892268513275833675e-01 0.000000000000000000e+00 -1.058658501287242926e-01 9.195468108389478479e-01 -6.448729506158112912e-01 -9.999999999999999799e-13 1.963984709532678920e-03 -1.227885561656201496e-01 2.256956927475284591e-01 1.553876591200805457e+00 -1.222960329003131286e-01 -2.409403068719394581e-01 1.560788241672677046e+00
9.999999999999999799e-13 6.027229365024603693e-03 8.699999999999999400e-02 9.631235496274667129e-01 0.000000000000000000e+00 -1.013563023512636385e-01 7.420730957167093189e-01 0.000000000000000000e+00 -9.999999999999999799e-13 9.205609867341387961e-03 -1.315792598284492854e-01 7.377830772792404179e-02 1.725388695186941490e+00 -1.185159120417850209e-01 -4.225748409907379433e-01 1.553186223499920970e+00
9.999999999999999799e-13 8.629531321534506666e-03 8.699999999999999400e-02 1.027436982743043625e+00 -3.068717848987949637e-01 -8.328773644923222197e-02 8.408527673435853833e-01 0.000000000000000000e+00 -9.999999999999999799e-13 1.890726667387020860e-02 -1.143036288128896349e-01 -1.013731947177516080e-01 1.848842968101299888e+00 -1.077375061719502009e-01 -5.791117119211377506e-01 1.511573638175393697e+00
9.999999999999999799e-13 1.101490283223341589e-02 8.699999999999999400e-02 1.046999999999999931e+00 -1.205651973590603276e+00 -7.368479106731512518e-02 9.170229830654077485e-01 0.000000000000000000e+00 9.999999999999999799e-13 3.275113781024415610e-02 -8.081738020742915141e-02 -2.863763128209252939e-01 1.927073144954772665e+00 -9.102904932815444883e-02 -7.045979530984038952e-01 1.446344082398167252e+00
9.999999999999999799e-13 1.308093125876627801e-02 8.699999999999999400e-02 1.046999999999999931e+00 -1.678626777802486814e+00 -8.372186308367250696e-02 9.681549080145001041e-01 0.000000000000000000e+00 9.999999999999999799e-13 4.892290758244572518e-02 1.760187852207664369e-02 -4.775223631357780052e-01 1.942428935400002388e+00 -7.527979152982355870e-02 -7.850000000000000311e-01 1.370069971025388966e+00
9.999999999999999799e-13 1.417284729336791213e-02 8.699999999999999400e-02 1.046999999999999931e+00 -2.047485888955406175e+00 -1.406410534014559677e-01 9.876149066989673431e-01 0.000000000000000000e+00 9.999999999999999799e-13 6.715242050932816731e-02 4.701007468676517143e-02 -6.570794994480804174e-01 1.940324267354844423e+00 -6.882215627005464076e-02 -7.850000000000000311e-01 1.312156019914120897e+00
-9.999999999999999799e-13 1.151577340263590550e-02 8.699999999999999400e-02 1.046999999999999931e+00 -2.317696659104205636e+00 -2.520443444919505671e-01 9.977356522428213470e-01 0.000000000000000000e+00 9.999999999999999799e-13 8.375282696239781666e-02 8.152517171397179185e-02 -7.850000000000000311e-01 1.889311512083796885e+00 -6.526989595499636809e-02 -7.850000000000000311e-01 1.226625734567137194e+00
-9.999999999999999799e-13 2.115790854902737782e-03 8.699999999999999400e-02 8.216320433817065894e-01 -2.355999999999999872e+00 -4.592890769852953081e-01 1.046999999999999931e+00 -9.010599084258990032e-01 9.999999999999999799e-13 9.590853492923573365e-02 8.699999999999999400e-02 -7.850000000000000311e-01 1.798882647931388412e+00 -7.531208280563668478e-02 -6.772239874550497474e-01 1.104028415338479618e+00
-9.999999999999999799e-13 -1.494344224793701546e-03 8.699999999999999400e-02 4.318943364516315553e-01 -2.355999999999999872e+00 -5.243900947541220159e-01 1.046999999999999931e+00 -1.414771673171134836e+00 9.999999999999999799e-13 1.034852737018631674e-01 8.699999999999999400e-02 -7.850000000000000311e-01 1.667415483160966438e+00 -8.725615330408940939e-02 -5.177229440938917460e-01 9.539107552427754655e-01
-9.999999999999999799e-13 -1.940003190198545972e-03 8.699999999999999400e-02 1.379624451451289535e-01 -2.355999999999999872e+00 -5.772724339852804976e-01 1.046999999999999931e+00 -1.793723905548851860e+00 9.999999999999999799e-13 1.065952934317264678e-01 8.699999999999999400e-02 -7.850000000000000311e-01 1.492743661992959936e+00 -1.177861741344793933e-01 -3.771539314849505220e-01 9.063151619175613405e-01
-9.999999999999999799e-13 -2.897688145389936895e-04 8.699999999999999400e-02 -4.430660351625424764e-02 -2.286884237817357057e+00 -5.889718072394740656e-01 1.046999999999999931e+00 -2.113514475996437270e+00 9.999999999999999799e-13 1.074424550778548537e-01 8.699999999999999400e-02 -7.850000000000000311e-01 1.295463130631127058e+00 -1.381954495637845448e-01 -2.412124333837390444e-01 9.297986414995254023e-01
-9.999999999999999799e-13 6.978481236326917157e-03 8.699999999999999400e-02 -1.258138346637248106e-01 -2.153930669021079325e+00 -6.237135787542200660e-01 1.046999999999999931e+00 -2.311737606136773593e+00 9.999999999999999799e-13 9.669984392931869899e-02 8.699999999999999400e-02 -7.850000000000000311e-01 1.072514567241853456e+00 -1.737412976590814728e-01 -5.034462587831393943e-02 7.871582175237428203e-01
-9.999999999999999799e-13 1.197622759103134267e-02 8.699999999999999400e-02 -1.494723923221582262e-01 -2.015294069477867822e+00 -5.329878737498224828e-01 2.913129487601862633e-01 -2.355999999999999872e+00 9.999999999999999799e-13 7.761626685490068123e-02 8.699999999999999400e-02 -7.620929871389329202e-01 9.327488112233517370e-01 -2.002335302624919100e-01 1.711182428980466130e-01 6.052479430565647078e-01
-9.999999999999999799e-13 1.297726959881082866e-02 8.699999999999999400e-02 -1.710969573032641300e-01 -1.880009463742064568e+00 -2.993292541027690601e-01 -1.732240944505767932e-01 -2.355999999999999872e+00 9.999999999999999799e-13 7.348285811891032415e-02 8.699999999999999400e-02 -6.878790561832329731e-01 1.035518137580559994e+00 -2.032791858949153374e-01 4.207022658397832626e-01 3.444313443627233795e-01
-9.999999999999999799e-13 1.909861109436237353e-02 8.699999999999999400e-02 -9.355194338351840999e-02 -1.797857371097471457e+00 -1.766423629091512237e-01 -3.572507443334153598e-01 -2.268670777585510834e+00 9.999999999999999799e-13 8.307951328648643941e-02 8.699999999999999400e-02 -5.776466138630104163e-01 1.123498632564114530e+00 -1.865825524921052303e-01 7.080185857104310809e-01 0.000000000000000000e+00
-9.999999999999999799e-13 2.381145870592810826e-02 8.699999999999999400e-02 5.967268201605236549e-02 -1.711444571977157381e+00 -1.182072600054896727e-01 -4.422706384371602462e-01 -2.092955441446109788e+00 9.999999999999999799e-13 8.006134303649262152e-02 8.699999999999999400e-02 -4.132622446818968176e-01 1.075284099446038866e+00 -1.656080954368769620e-01 7.850000000000000311e-01 0.000000000000000000e+00
-9.999999999999999799e-13 2.071597879691756267e-02 8.699999999999999400e-02 2.471439885533100733e-01 -1.593121758847651392e+00 4.656778456716476056e-02 -4.480368418126919328e-01 -2.014231579209637246e+00 9.999999999999999799e-13 6.681384074268277573e-02 8.699999999999999400e-02 -2.089615077977895197e-01 9.770778995049358429e-01 -1.587971873545260537e-01 7.850000000000000311e-01 0.000000000000000000e+00
-9.999999999999999799e-13 9.107725038956702990e-03 8.699999999999999400e-02 4.619865381123612336e-01 -1.556829003807957967e+00 -3.095810647215645472e-01 -3.976350021422478398e-01 -1.870306230010900350e+00 9.999999999999999799e-13 5.102381353301499445e-02 8.699999999999999400e-02 2.602502380108736441e-02 7.967064029749213461e-01 -1.727152944799420498e-01 7.850000000000000311e-01 0.000000000000000000e+00
9.999999999999999799e-13 -1.156872110556705392e-02 8.699999999999999400e-02 6.663811101958151406e-01 -1.544389826026835166e+00 -9.241746151895521844e-02 -1.907845035432831904e-01 -1.863850687902221637e+00 9.999999999999999799e-13 3.392071115685230814e-02 8.699999999999999400e-02 2.842141895431678500e-01 5.451524729649124268e-01 -2.108921508107871601e-01 7.850000000000000311e-01 0.000000000000000000e+00
9.999999999999999799e-13 -3.338462975335383665e-02 8.699999999999999400e-02 8.665134140423789155e-01 -1.462489329073783040e+00 -5.504160440863742343e-02 -5.267029716239154946e-02 -1.839317532862239091e+00 -9.999999999999999799e-13 1.506296093269898426e-02 8.699999999999999400e-02 5.744655327517421695e-01 1.845257457690898661e-01 -2.581881249733672945e-01 7.850000000000000311e-01 0.000000000000000000e+00
9.999999999999999799e-13 -4.386897761343642316e-02 8.699999999999999400e-02 9.864133537697336029e-01 -1.272667014518808593e+00 1.041333528071512401e-02 1.254173058066676005e-01 -1.753728429484262996e+00 -9.999999999999999799e-13 -1.767080882288654111e-03 5.146959129683906925e-02 7.621559550403959049e-01 0.000000000000000000e+00 -3.036435117125222405e-01 7.850000000000000311e-01 0.000000000000000000e+00
9.999999999999999799e-13 -4.870693667304075436e-02 8.699999999999999400e-02 1.015222272975515372e+00 -9.638756678534257105e-01 5.137251783339299039e-04 2.822262754460519996e-01 -1.532354627415335457e+00 -9.999999999999999799e-13 -1.251564718346474120e-02 1.847205888908650881e-02 7.632261108158117091e-01 1.772652880652936247e-01 -2.075096069307374724e-01 7.850000000000000311e-01 4.869407104220986326e-01
9.999999999999999799e-13 -5.487516505909054848e-02 8.699999999999999400e-02 9.090573289780854438e-01 -4.454709259341740335e-01 -6.324558382414022240e-02 4.477234034508978944e-01 -1.458504912580329105e+00 -9.999999999999999799e-13 -1.789531402049485478e-02 3.715118405136539660e-03 6.959249515413774567e-01 4.566116088630209902e-01 -1.807304464905804819e-01 6.345274729777958811e-01 8.326344203051281312e-01
9.999999999999999799e-13 -5.040212376703569197e-02 8.699999999999999400e-02 8.109511602412299291e-01 0.000000000000000000e+00 -1.195052744748335283e-01 6.095008961105385925e-01 -1.409509452495180781e+00 -9.999999999999999799e-13 -1.350125317905392919e-02 -9.757154777896010281e-03 6.419641466972226818e-01 6.997677928705359207e-01 -1.733169591262012366e-01 4.759386290779263895e-01 1.071786298459965536e+00
9.999999999999999799e-13 -4.025223261610367392e-02 5.660501030322943883e-02 8.994667204224179313e-01 0.000000000000000000e+00 -1.381477207928179518e-01 7.814926821076276786e-01 -1.306273025865564819e+00 -9.999999999999999799e-13 -6.171720919093091895e-03 -1.256792030475884225e-01 5.787506123136412217e-01 9.625476938979460328e-01 -1.690601907152708694e-01 3.151027249036633671e-01 1.231307620981862527e+00
9.999999999999999799e-13 -3.550968797531022653e-02 2.174790092513385203e-02 9.623263890665505471e-01 0.000000000000000000e+00 -1.723741847065147215e-01 8.763987172797176317e-01 -1.090752984655356528e+00 -9.999999999999999799e-13 -1.224704160939843987e-03 -1.509990244906160295e-01 4.889353312097159399e-01 1.181092728067978825e+00 -1.643737932252297418e-01 1.451978699682860419e-01 1.338402099992390681e+00
9.999999999999999799e-13 -2.433546027014327554e-02 2.264252176697767460e-02 9.806519371757462800e-01 0.000000000000000000e+00 -1.936695794709981933e-01 8.859351885239160618e-01 -7.540734859673747792e-01 -9.999999999999999799e-13 3.013685425473231188e-03 -1.778306683624486795e-01 3.909349484446531520e-01 1.381431212006731357e+00 -1.599943143071662910e-01 -3.511554023372073091e-02 1.401382056384179897e+00
9.999999999999999799e-13 -1.406789264607829180e-02 7.640348378903742688e-02 9.654377522927822808e-01 0.000000000000000000e+00 -1.989163191915086504e-01 6.684063000884837846e-01 0.000000000000000000e+00 -9.999999999999999799e-13 5.160383380343126075e-03 -1.896567636119082245e-01 2.664740621786404473e-01 1.570703543320862039e+00 -1.564695673165562295e-01 -2.161745610326296085e-01 1.427883934631626772e+00
9.999999999999999799e-13 -8.876453064667210249e-03 8.699999999999999400e-02 9.139819705242512304e-01 0.000000000000000000e+00 -1.786226696129058766e-01 7.828430492325960666e-01 0.000000000000000000e+00 -9.999999999999999799e-13 6.408262827881241498e-03 -1.830651173034236467e-01 1.138896092833852625e-01 1.729562060715942984e+00 -1.502812326511184238e-01 -3.812395097067841077e-01 1.411641996002769517e+00
9.999999999999999799e-13 -2.241165215017409517e-03 8.699999999999999400e-02 1.046999999999999931e+00 -7.413432359170224473e-01 -1.600117232632745079e-01 8.700496184969823688e-01 0.000000000000000000e+00 -9.999999999999999799e-13 1.165492103905139964e-02 -1.510621196710602299e-01 -6.579121235990298411e-02 1.844866982466509597e+00 -1.371813767591233690e-01 -5.309018758575210217e-01 1.371892337974173870e+00
9.999999999999999799e-13 4.205415393709183852e-03 8.699999999999999400e-02 1.046999999999999931e+00 -1.373841345736313890e+00 -1.502626757659326628e-01 9.404601893992963202e-01 0.000000000000000000e+00 9.999999999999999799e-13 2.435520257002770500e-02 -1.054888069058779743e-01 -2.577316206962043665e-01 1.920307179366285588e+00 -1.208630972054041824e-01 -6.575397593973769661e-01 1.318392955280939027e+00
9.999999999999999799e-13 1.293994697595078798e-02 8.699999999999999400e-02 1.046999999999999931e+00 -1.799451278005072652e+00 -1.699609008131470478e-01 9.887909027068755297e-01 0.000000000000000000e+00 9.999999999999999799e-13 3.980037159341664327e-02 1.250509496958901283e-02 -4.581676993736333303e-01 1.930009261707445134e+00 -1.072815485948627606e-01 -7.439076005449010154e-01 1.252700429190257481e+00
-9.999999999999999799e-13 1.922868584989367510e-02 8.699999999999999400e-02 1.046999999999999931e+00 -2.132501673499787920e+00 -2.172013984146415055e-01 1.019890665933746554e+00 0.000000000000000000e+00 9.999999999999999799e-13 5.838960506079903662e-02 4.365110436160359736e-02 -6.332333979929889445e-01 1.922799185460871030e+00 -1.010935590417010727e-01 -7.700186886284269283e-01 1.175689736466074109e+00
-9.999999999999999799e-13 1.536522674721381258e-02 8.699999999999999400e-02 1.046031989027398135e+00 -2.355999999999999872e+00 -3.533889260860317849e-01 1.046999999999999931e+00 -2.829135169274534789e-01 9.999999999999999799e-13 7.510919363960540107e-02 8.272203948578227273e-02 -7.847009335884272963e-01 1.863821630408682317e+00 -1.006821335790682170e-01 -7.373651449025093729e-01 1.092414045338466977e+00
-9.999999999999999799e-13 1.093126999554878444e-02 8.699999999999999400e-02 6.619813230378259750e-01 -2.355999999999999872e+00 -5.741171930463546680e-01 1.046999999999999931e+00 -1.029208780605627815e+00 9.999999999999999799e-13 8.946691712006678288e-02 8.699999999999999400e-02 -7.850000000000000311e-01 1.774112784937179832e+00 -1.118081346722545610e-01 -6.260728246422204712e-01 9.702920787273772163e-01
-9.999999999999999799e-13 7.536621645162737762e-03 8.699999999999999400e-02 2.870126524007645119e-01 -2.355999999999999872e+00 -6.774844381375814129e-01 1.046999999999999931e+00 -1.482137642014176748e+00 9.999999999999999799e-13 9.929730176355497373e-02 8.699999999999999400e-02 -7.850000000000000311e-01 1.647157890860855289e+00 -1.239272851981944035e-01 -4.609987701322052489e-01 8.110534555781407917e-01
-9.999999999999999799e-13 8.898640804082681710e-03 8.699999999999999400e-02 9.527276800048577188e-03 -2.355999999999999872e+00 -7.092602085910248988e-01 1.046999999999999931e+00 -1.870747561046957941e+00 9.999999999999999799e-13 1.047827189784810431e-01 8.699999999999999400e-02 -7.850000000000000311e-01 1.485154554562382323e+00 -1.625156776015907190e-01 -3.511858037109452102e-01 8.489371199035886661e-01
-9.999999999999999799e-13 1.324110984334131609e-02 8.699999999999999400e-02 -1.436543469091996483e-01 -2.266958164150507216e+00 -7.180534518985395298e-01 1.046999999999999931e+00 -2.178490235956184407e+00 9.999999999999999799e-13 1.067618997098062489e-01 8.699999999999999400e-02 -7.850000000000000311e-01 1.280479761361405622e+00 -1.824560969576713432e-01 -2.116429154412067248e-01 8.536208136865131024e-01
-9.999999999999999799e-13 1.792270657596795741e-02 8.699999999999999400e-02 -1.815002085479718308e-01 -2.122048513523703051e+00 -7.850000000000000311e-01 1.046999999999999931e+00 -2.327559711206964366e+00 9.999999999999999799e-13 9.401650682620316113e-02 8.699999999999999400e-02 -7.850000000000000311e-01 1.048466351119559548e+00 -2.197571693863278053e-01 3.909869227587176488e-04 6.858084090557827750e-01
-9.999999999999999799e-13 2.243405181311803470e-02 8.699999999999999400e-02 -1.869247610111462177e-01 -1.981784496272808838e+00 -4.925116701421723420e-01 1.939424854493460720e-02 -2.355999999999999872e+00 9.999999999999999799e-13 8.291022899973948812e-02 8.699999999999999400e-02 -7.552022202988156740e-01 8.984880461533366613e-01 -2.407875667820244259e-01 2.429554315039096635e-01 4.621620127911842957e-01
-9.999999999999999799e-13 2.400151491905737344e-02 8.699999999999999400e-02 -1.741628761180792351e-01 -1.851606634030162013e+00 -2.551006624998528038e-01 -3.431940287371020304e-01 -2.355999999999999872e+00 9.999999999999999799e-13 8.079402951787341414e-02 8.699999999999999400e-02 -6.754632914222847839e-01 9.676635936809825367e-01 -2.375298267465328350e-01 5.961286661778801843e-01 0.000000000000000000e+00
-9.999999999999999799e-13 2.867725129100638995e-02 8.699999999999999400e-02 -8.688537604566567984e-02 -1.777694724738469567e+00 -1.653513549267545679e-01 -4.864027407976858064e-01 -2.236603094674808112e+00 9.999999999999999799e-13 8.719157042742269048e-02 8.699999999999999400e-02 -5.780548230701424428e-01 1.092497463182336759e+00 -2.114471280075918280e-01 7.110955084465763187e-01 0.000000000000000000e+00
-9.999999999999999799e-13 2.873854750270178268e-02 8.699999999999999400e-02 5.835486943231507628e-02 -1.699460315079925898e+00 -1.129567097508503010e-01 -5.288906531217461016e-01 -2.066549397947518685e+00 9.999999999999999799e-13 8.270314837713478584e-02 8.699999999999999400e-02 -4.192821668936422275e-01 1.057110672454445677e+00 -1.865207206885338698e-01 7.850000000000000311e-01 0.000000000000000000e+00
-9.999999999999999799e-13 2.241214497593867205e-02 8.699999999999999400e-02 2.220576176322514861e-01 -1.570808031052712828e+00 5.459648689249047004e-02 -5.064916036613791306e-01 -1.971451024771922356e+00 9.999999999999999799e-13 6.732014982500332534e-02 8.699999999999999400e-02 -2.199594588747778579e-01 9.658805898800970624e-01 -1.708126658076364324e-01 7.850000000000000311e-01 0.000000000000000000e+00
9.999999999999999799e-13 1.111863251198457088e-02 8.699999999999999400e-02 4.019292112544063933e-01 -1.508025924696953624e+00 -2.770511553767440738e-01 -4.470408427850200983e-01 -1.819027065545129496e+00 9.999999999999999799e-13 5.004199076700097809e-02 8.699999999999999400e-02 8.624877449120453912e-03 7.974260116450118119e-01 -1.847504528921178890e-01 7.850000000000000311e-01 0.000000000000000000e+00
9.999999999999999799e-13 -9.242307988504054606e-03 8.699999999999999400e-02 5.950706847478361983e-01 -1.536000542106338074e+00 -1.129239112602899442e-01 -2.709371148816435149e-01 -1.822107309312896994e+00 -9.999999999999999799e-13 2.997980361169035393e-02 8.699999999999999400e-02 2.510679890823424576e-01 5.802447570876605454e-01 -2.185237042983055600e-01 7.850000000000000311e-01 0.000000000000000000e+00
9.999999999999999799e-13 -3.459218169959287631e-02 8.699999999999999400e-02 8.195403562280919596e-01 -1.506684522840826546e+00 -4.486453779870200331e-02 -9.515322139379799038e-02 -1.816136522648937657e+00 -9.999999999999999799e-13 1.073887777273670879e-02 8.699999999999999400e-02 5.176728779162248495e-01 2.755840845130235195e-01 -2.633723769027886408e-01 7.850000000000000311e-01 0.000000000000000000e+00
9.999999999999999799e-13 -4.594207492736776532e-02 8.699999999999999400e-02 9.714783559732063090e-01 -1.360470587596456227e+00 2.751173199822750520e-02 1.002670398565172066e-01 -1.739746827592593803e+00 -9.999999999999999799e-13 -4.896722056334734674e-03 7.577073729143525560e-02 7.559056693236158031e-01 0.000000000000000000e+00 -3.056498103288158297e-01 7.850000000000000311e-01 0.000000000000000000e+00
9.999999999999999799e-13 -4.762890073139131042e-02 8.699999999999999400e-02 1.037715405438708549e+00 -1.116850868295054866e+00 1.078517560931492418e-02 2.521385169999043607e-01 -1.521499299819044637e+00 -9.999999999999999799e-13 -1.415513160028544597e-02 5.540334202546528392e-02 7.850000000000000311e-01 0.000000000000000000e+00 -1.730353954168221686e-01 7.510276976447735064e-01 6.605350927062509925e-01
9.999999999999999799e-13 -5.445163735747533124e-02 8.699999999999999400e-02 1.006079774629178081e+00 -7.493321266182437768e-01 -3.822309467675796824e-02 4.130901777734739544e-01 -1.493538225942597109e+00 -9.999999999999999799e-13 -1.530800095893948380e-02 4.224739965812916026e-02 7.850000000000000311e-01 1.918347987877577765e-01 -1.569054781703259349e-01 5.980929914543141601e-01 9.524998846295780197e-01
9.999999999999999799e-13 -5.598176159759236242e-02 8.699999999999999400e-02 7.703472598626401879e-01 0.000000000000000000e+00 -9.792043180359460974e-02 5.352179249306854292e-01 -1.464621123271150793e+00 -9.999999999999999799e-13 -4.788841152965924927e-03 3.097959056157077382e-02 7.151055161635894164e-01 5.279492655210926699e-01 -1.456025437239740206e-01 4.336625292201767845e-01 1.177464341428855477e+00
9.999999999999999799e-13 -4.837349095752129652e-02 8.699999999999999400e-02 8.664540824669990648e-01 0.000000000000000000e+00 -1.201474063020307737e-01 7.101130150348073933e-01 -1.405746220434258120e+00 -9.999999999999999799e-13 9.543654811179783440e-03 2.832308235741782740e-02 6.323543554787414145e-01 7.702255026552400352e-01 -1.363425235571008032e-01 2.459141497020227440e-01 1.344536803314782425e+00
9.999999999999999799e-13 -4.399954339147151006e-02 5.109615653979463629e-02 9.368129305914015825e-01 0.000000000000000000e+00 -1.536622961898086170e-01 8.458281224949939503e-01 -1.264930883828673913e+00 -9.999999999999999799e-13 1.928332074827960457e-02 -4.550581711455137235e-02 5.222377906752495580e-01 1.026661830832669153e+00 -1.301967870054428766e-01 4.649831347204237686e-02 1.445250710572990371e+00
9.999999999999999799e-13 -3.989627720723216281e-02 3.443832640665903805e-02 9.645378596512672598e-01 0.000000000000000000e+00 -1.773141904165070615e-01 9.175108162059226746e-01 -1.034210441050547047e+00 -9.999999999999999799e-13 1.860255046788975367e-02 -8.825672676711238118e-02 4.031369892092827589e-01 1.256114472213713640e+00 -1.310413504935707962e-01 -1.470030944835995501e-01 1.474509731363024656e+00
9.999999999999999799e-13 -3.230748436663383183e-02 6.507830494190122717e-02 9.553901967961409003e-01 0.000000000000000000e+00 -1.848832503246640446e-01 9.175908205034783993e-01 -7.038506437580842601e-01 -9.999999999999999799e-13 2.836377334201403699e-02 -1.078528850748424472e-01 2.784691800658524174e-01 1.440215923071571424e+00 -1.256714364913103787e-01 -3.261191229489381338e-01 1.466311606792576328e+00
9.999999999999999799e-13 -2.441838708760328894e-02 8.699999999999999400e-02 9.160131625471668038e-01 0.000000000000000000e+00 -1.802428672062368620e-01 7.151237119336999459e-01 0.000000000000000000e+00 -9.999999999999999799e-13 3.675285970400925251e-02 -1.114830958258303806e-01 1.282140134779684582e-01 1.596180750859922171e+00 -1.189255290455370484e-01 -4.781463374895381646e-01 1.412197464543978320e+00
9.999999999999999799e-13 -1.982983897396446010e-02 8.699999999999999400e-02 1.046999999999999931e+00 -7.868621237614332742e-01 -1.578687765187316017e-01 8.142437367763092348e-01 0.000000000000000000e+00 9.999999999999999799e-13 5.008221523317120394e-02 -9.665067636385824001e-02 -4.140219662993271238e-02 1.713077889466384285e+00 -1.067256753992146534e-01 -5.972775264921891258e-01 1.329832573845774135e+00
9.999999999999999799e-13 -1.370505021966101321e-02 8.699999999999999400e-02 1.046999999999999931e+00 -1.392495150049038344e+00 -1.451059411857562043e-01 8.895204410748032142e-01 0.000000000000000000e+00 9.999999999999999799e-13 6.637281521895503633e-02 1.733514603167525927e-03 -2.269854258952414550e-01 1.764309283436131359e+00 -9.586284923068763564e-02 -6.843595035274303573e-01 1.245455459227172490e+00
-9.999999999999999799e-13 -7.795559143849246399e-03 8.699999999999999400e-02 1.046999999999999931e+00 -1.824685648770779878e+00 -1.551592257054018875e-01 9.410394966778189429e-01 0.000000000000000000e+00 9.999999999999999799e-13 8.539687050380888322e-02 2.046749963502443592e-02 -4.140266771313576011e-01 1.812242763927333300e+00 -8.645223276336030938e-02 -7.350472245214147993e-01 1.168810089344811232e+00
-9.999999999999999799e-13 4.747227549764001381e-03 8.699999999999999400e-02 1.046999999999999931e+00 -2.123687129860839740e+00 -1.895787641335522355e-01 9.664718271599720412e-01 0.000000000000000000e+00 9.999999999999999799e-13 1.044049024957668520e-01 5.147991934287308308e-02 -6.006046865936249812e-01 1.814116216889166466e+00 -8.099850681318004897e-02 -7.263664048474156587e-01 1.081871069720243383e+00
-9.999999999999999799e-13 3.056491940660485424e-03 8.699999999999999400e-02 9.775867140008693834e-01 -2.331875192014250864e+00 -3.728120600287931907e-01 1.046999999999999931e+00 -7.815908175809784808e-01 9.999999999999999799e-13 1.196068956551835927e-01 8.501784503835227436e-02 -7.634430775368901134e-01 1.769329190627316528e+00 -8.165599690710438618e-02 -6.692109501762663060e-01 9.921609474116994676e-01
-9.999999999999999799e-13 8.596756219698308476e-04 8.699999999999999400e-02 6.039901277568314741e-01 -2.355999999999999872e+00 -4.945483816545227507e-01 1.046999999999999931e+00 -1.313018725037546020e+00 9.999999999999999799e-13 1.321102460544316404e-01 8.699999999999999400e-02 -7.850000000000000311e-01 1.700019875194704433e+00 -8.598218214540659377e-02 -5.513467960081974706e-01 8.700618285668575425e-01
-9.999999999999999799e-13 3.126166775042358518e-03 8.699999999999999400e-02 2.399663157842849281e-01 -2.355999999999999872e+00 -5.721053778704164872e-01 1.046999999999999931e+00 -1.728908099248491759e+00 9.999999999999999799e-13 1.400553094449200064e-01 8.699999999999999400e-02 -7.850000000000000311e-01 1.593776631903404351e+00 -1.153075297614971489e-01 -4.849248146641789159e-01 9.281024864567397614e-01
-9.999999999999999799e-13 4.761739732009933647e-03 8.699999999999999400e-02 -9.392153261680987950e-03 -2.292789226187698759e+00 -5.806279603968457215e-01 1.046999999999999931e+00 -2.069766777849081585e+00 9.999999999999999799e-13 1.405505301315519984e-01 8.699999999999999400e-02 -7.850000000000000311e-01 1.426352147130786285e+00 -1.331922178163654213e-01 -3.770889034365004777e-01 1.000729716467377628e+00
-9.999999999999999799e-13 9.513415791970842098e-03 8.699999999999999400e-02 -1.383949222520216571e-01 -2.156369198467484871e+00 -5.510936022370428455e-01 1.046999999999999931e+00 -2.349553551475799917e+00 9.999999999999999799e-13 1.282443533272998870e-01 8.699999999999999400e-02 -7.850000000000000311e-01 1.195546895165575663e+00 -1.566805356636207236e-01 -2.159591613545203959e-01 9.440977944698980551e-01
-9.999999999999999799e-13 1.404927092732462766e-02 8.699999999999999400e-02 -1.723331069861696041e-01 -2.015076379057804346e+00 -6.564084879297827912e-01 8.380653694529288655e-01 -2.355999999999999872e+00 9.999999999999999799e-13 1.121769030771950226e-01 8.699999999999999400e-02 -7.850000000000000311e-01 1.008418675238779372e+00 -1.787195674549532654e-01 -1.913562609662835395e-02 8.229063198833710402e-01
-9.999999999999999799e-13 2.008080908563724190e-02 8.699999999999999400e-02 -1.402677621182897294e-01 -1.894797321986163574e+00 -3.784990467710577233e-01 -7.626553731750304772e-03 -2.355999999999999872e+00 9.999999999999999799e-13 1.052219478725224672e-01 8.699999999999999400e-02 -7.767409678828214314e-01 9.093388368701091906e-01 -1.834016533553195771e-01 1.784555437417705004e-01 6.738862209602345388e-01
-9.999999999999999799e-13 2.381662517078275004e-02 8.699999999999999400e-02 -6.408641644297849438e-02 -1.813512759756976678e+00 -2.054087970045495870e-01 -3.222703660277284610e-01 -2.355999999999999872e+00 9.999999999999999799e-13 1.086493768598339738e-01 8.699999999999999400e-02 -7.235639488395941843e-01 1.057791544150023633e+00 -1.636055327662850056e-01 3.356115262235352947e-01 6.012426728153688060e-01
-9.999999999999999799e-13 2.740905208964323700e-02 8.699999999999999400e-02 6.946935480016788733e-02 -1.739859895908963061e+00 -1.522868340348247918e-01 -4.610284087750199378e-01 -2.209871402199248713e+00 9.999999999999999799e-13 1.157091455364987476e-01 8.699999999999999400e-02 -6.296171645600889821e-01 1.170304773879310645e+00 -1.457269907994517000e-01 5.000286912879483570e-01 4.818829503124391067e-01
-9.999999999999999799e-13 2.174874329069318921e-02 8.699999999999999400e-02 2.212737638558239794e-01 -1.619715373586104512e+00 -1.191039479606331997e-01 -4.650008826794588823e-01 -2.068753269973332642e+00 9.999999999999999799e-13 1.066176895874794694e-01 8.699999999999999400e-02 -4.819972421146839214e-01 1.154682849887008977e+00 -1.189941855218232675e-01 7.611953721027681086e-01 1.430060310468412865e-01
-9.999999999999999799e-13 1.073410749050817195e-02 8.699999999999999400e-02 4.035284284007796818e-01 -1.613071025072362552e+00 -3.953743598118076297e-01 -5.446895715824777717e-01 -1.893800408934364299e+00 9.999999999999999799e-13 8.189903757051709976e-02 8.699999999999999400e-02 -3.052949625442315518e-01 1.098643927028892797e+00 -1.023550121695438742e-01 7.850000000000000311e-01 0.000000000000000000e+00
9.999999999999999799e-13 -6.337034513142870279e-03 8.699999999999999400e-02 5.668290231147621316e-01 -1.661536892002563270e+00 -3.573229338316339376e-01 -4.417652964500265456e-01 -1.828837083957868259e+00 9.999999999999999799e-13 5.489877820630102712e-02 8.699999999999999400e-02 -1.133100385779309688e-01 9.987376232733620185e-01 -1.335378095453961245e-01 7.850000000000000311e-01 0.000000000000000000e+00
9.999999999999999799e-13 -2.974747028036365398e-02 8.699999999999999400e-02 7.872732368540533709e-01 -1.665303294163281933e+00 -1.568479156521563889e-01 -1.962718579737704472e-01 -1.826788710727118570e+00 -9.999999999999999799e-13 2.637803966143080145e-02 8.699999999999999400e-02 9.230485509909337749e-02 8.532392316691250755e-01 -1.470442796947538100e-01 7.088591979530173282e-01 4.729148026375700198e-01
9.999999999999999799e-13 -4.551717176604696408e-02 8.699999999999999400e-02 9.807435671101361052e-01 -1.579315743176142206e+00 8.011863223949731300e-03 1.828004463767407203e-02 -1.799903001768441868e+00 -9.999999999999999799e-13 3.625681597395086914e-04 8.699999999999999400e-02 3.125364904476553574e-01 6.371620979784147210e-01 -1.539617270444654240e-01 6.591964368790936835e-01 6.872318067940321740e-01
9.999999999999999799e-13 -6.402842198100953952e-02 8.699999999999999400e-02 1.046999999999999931e+00 -1.383079269906438924e+00 -1.011980450787719997e-02 2.052296063884477273e-01 -1.625778833229649223e+00 -9.999999999999999799e-13 -2.006662764031077670e-02 7.472094258409096856e-02 5.581791140829486242e-01 3.310901459287158843e-01 -1.599979226736594762e-01 5.972919560280038898e-01 8.717826053262855979e-01
9.999999999999999799e-13 -7.560977393067024044e-02 8.699999999999999400e-02 1.046999999999999931e+00 -1.118027001530014886e+00 -3.237572669594275532e-02 3.558740907355941729e-01 -1.515577671566404661e+00 -9.999999999999999799e-13 -3.174858339684742681e-02 5.051455404539158950e-02 6.744810687823730166e-01 2.441424078394573982e-01 -1.704751528197553934e-01 5.113454976362646898e-01 1.034044445999471762e+00
9.999999999999999799e-13 -7.624374220520896417e-02 8.699999999999999400e-02 1.046999999999999931e+00 -7.652296442168307067e-01 -9.910016324026074686e-02 4.821524136873230337e-01 -1.516715801420266629e+00 -9.999999999999999799e-13 -3.054715264815814277e-02 3.126791669519497774e-02 6.828115322320535974e-01 3.530362239515021372e-01 -1.762218634466754530e-01 3.962953208835535701e-01 1.191999914474498823e+00
9.999999999999999799e-13 -7.150657831224004057e-02 8.699999999999999400e-02 7.965457323950461133e-01 0.000000000000000000e+00 -1.223254530279952734e-01 6.335628523746383856e-01 -1.469938294459307571e+00 -9.999999999999999799e-13 -2.258482513283101289e-02 1.766036969264194595e-02 6.290683152729401595e-01 5.686080954301839796e-01 -1.839509535616270230e-01 2.422589771534737757e-01 1.315635499348646320e+00
9.999999999999999799e-13 -6.427746670681802610e-02 8.699999999999999400e-02 8.725784467248908216e-01 0.000000000000000000e+00 -1.484526954909141661e-01 7.685251315944768846e-01 -1.376204092280913116e+00 -9.999999999999999799e-13 -1.069088919002573849e-02 4.968815589040402950e-03 5.708587530616237027e-01 7.739258485284175038e-01 -1.902733520463982531e-01 4.424822140271506693e-02 1.412269435518155092e+00
9.999999999999999799e-13 -5.919943174276388193e-02 7.348691711222694878e-02 9.120867680631286056e-01 0.000000000000000000e+00 -1.522021270000932791e-01 8.803895051331721566e-01 -1.238411190890219338e+00 -9.999999999999999799e-13 7.140706693417474184e-04 -2.654066705009002197e-03 4.896880788671282847e-01 9.680272385408708047e-01 -1.982815438479232639e-01 -1.526212815985557580e-01 1.436300480598950102e+00
9.999999999999999799e-13 -5.224326094215717142e-02 7.673539880392028778e-02 9.305911227100176486e-01 0.000000000000000000e+00 -1.599126598198744309e-01 9.391723714797428624e-01 -1.031788471758042114e+00 -9.999999999999999799e-13 1.253123891993901742e-02 -1.039914620345309404e-01 3.993502044481148650e-01 1.179263792839535085e+00 -1.996177291308023349e-01 -3.260469336194874446e-01 1.409018026621954967e+00
9.999999999999999799e-13 -4.183277282233101996e-02 8.699999999999999400e-02 9.351596155683303824e-01 0.000000000000000000e+00 -1.563505165711714662e-01 9.405109645048089773e-01 -7.435617397643223825e-01 9.999999999999999799e-13 2.814001257301308387e-02 -1.236367856037569879e-01 3.046302610173101666e-01 1.342355870475527624e+00 -1.907673173921021759e-01 -4.623862753954034455e-01 1.339309630349937663e+00
9.999999999999999799e-13 -3.408377802213572588e-02 8.699999999999999400e-02 1.035947495584801814e+00 -3.201434211985292322e-01 -1.497657742682947934e-01 7.974568691409318344e-01 -1.959726578584266576e-01 9.999999999999999799e-13 4.256573834411467999e-02 -1.231557288344700962e-01 1.845836258440166078e-01 1.480672984373235579e+00 -1.780134897386211057e-01 -5.590429977173113629e-01 1.232721057508826767e+00
9.999999999999999799e-13 -3.027257803536400130e-02 8.699999999999999400e-02 1.046999999999999931e+00 -1.541074720054631086e+00 -1.302246828857877847e-01 7.936282654469829501e-01 0.000000000000000000e+00 9.999999999999999799e-13 6.010315103338044473e-02 -1.636626427073246265e-02 2.730633188637722475e-02 1.563799214760961398e+00 -1.643082469992457051e-01 -6.284142927205974560e-01 1.117123537502484609e+00
-9.999999999999999799e-13 -2.149114460557231474e-02 8.699999999999999400e-02 1.046999999999999931e+00 -1.792976981136645165e+00 -1.119247151676511509e-01 8.540895911783501493e-01 0.000000000000000000e+00 9.999999999999999799e-13 7.980511673869275513e-02 -4.322202810655192962e-03 -1.353484822439953439e-01 1.655806703889737719e+00 -1.522760933792069449e-01 -6.848549624420596782e-01 1.049379005767257844e+00
-9.999999999999999799e-13 -8.428110971745516461e-03 8.699999999999999400e-02 1.046999999999999931e+00 -2.000885471130394500e+00 -1.273341417204723047e-01 8.934069554955827996e-01 0.000000000000000000e+00 9.999999999999999799e-13 1.009039592763640858e-01 1.525997138362193695e-02 -3.122952607471436437e-01 1.720875415256564622e+00 -1.380921301977899029e-01 -6.984542503688225823e-01 1.001872806434668917e+00
-9.999999999999999799e-13 -8.863568924587601414e-04 8.699999999999999400e-02 1.046999999999999931e+00 -2.284620580281973012e+00 -1.996751267331474400e-01 1.046999999999999931e+00 -5.169958023292533511e-01 9.999999999999999799e-13 1.181905061359643377e-01 4.363705508214394541e-02 -4.967297440046334889e-01 1.750419417530151733e+00 -1.255850167721722643e-01 -6.554918389867053774e-01 9.485610003780635680e-01
-9.999999999999999799e-13 3.163419688717965250e-03 8.699999999999999400e-02 7.591556981858190722e-01 -2.355999999999999872e+00 -3.229604271713788499e-01 1.046999999999999931e+00 -1.058844071058901548e+00 9.999999999999999799e-13 1.312466211823498374e-01 7.457235003706459697e-02 -6.671608540418623168e-01 1.737126045335154245e+00 -1.114742109910863282e-01 -5.403697988688410669e-01 8.470506330921203642e-01
-9.999999999999999799e-13 8.780426233323933988e-03 8.699999999999999400e-02 3.509574348770276297e-01 -2.355999999999999872e+00 -3.800082876422093414e-01 1.046999999999999931e+00 -1.538528780776632132e+00 9.999999999999999799e-13 1.390783218565223578e-01 8.699999999999999400e-02 -7.850000000000000311e-01 1.689710013199077210e+00 -1.377183291344073746e-01 -4.667434987526872248e-01 8.564255784310592645e-01
-9.999999999999999799e-13 1.383318512363099391e-02 8.699999999999999400e-02 8.341553773679756534e-02 -2.355999999999999872e+00 -4.078455103337111365e-01 1.046999999999999931e+00 -1.928707103735489703e+00 9.999999999999999799e-13 1.434332438731038273e-01 8.699999999999999400e-02 -7.850000000000000311e-01 1.595237542326499280e+00 -1.585454850097211821e-01 -3.838872319066617966e-01 9.377253047129219254e-01
-9.999999999999999799e-13 1.847647393819735681e-02 8.699999999999999400e-02 -4.383834348272928200e-02 -2.225355641194290968e+00 -3.728360848048503651e-01 1.046999999999999931e+00 -2.255476708828243027e+00 9.999999999999999799e-13 1.382323895544790571e-01 8.699999999999999400e-02 -7.850000000000000311e-01 1.422296305565103225e+00 -1.808281834587231462e-01 -2.599511327152670415e-01 9.202784962775103494e-01
-9.999999999999999799e-13 1.869658000474557630e-02 8.699999999999999400e-02 -6.535947241880955827e-02 -2.064105966362303590e+00 -4.259381102392341689e-01 1.046999999999999931e+00 -2.355999999999999872e+00 9.999999999999999799e-13 1.240952657775582085e-01 8.699999999999999400e-02 -7.850000000000000311e-01 1.182939910063527833e+00 -1.988168710833535524e-01 -8.831794403042768360e-02 8.299731750725012347e-01
-9.999999999999999799e-13 2.310801763797309949e-02 8.699999999999999400e-02 -1.466500886223531287e-02 -1.921886900449619517e+00 -4.343664146640330848e-01 4.991538260722852560e-01 -2.355999999999999872e+00 9.999999999999999799e-13 1.150889849838441226e-01 8.699999999999999400e-02 -7.850000000000000311e-01 1.051289206990542624e+00 -2.106909371702105072e-01 1.045666120350999401e-01 6.934568995872831820e-01
-9.999999999999999799e-13 2.868602778013011959e-02 8.699999999999999400e-02 7.980490559908987036e-02 -1.805843647090671134e+00 -2.596939138217958520e-01 1.414521329393437013e-02 -2.355999999999999872e+00 9.999999999999999799e-13 1.119360835079256794e-01 8.699999999999999400e-02 -7.403734740244158896e-01 9.905403887922910044e-01 -2.075343610565607289e-01 2.846868399983777942e-01 5.643020448460287497e-01
-9.999999999999999799e-13 3.130732137742128773e-02 8.699999999999999400e-02 2.023161785678867230e-01 -1.696643072897237481e+00 -1.583909507284097518e-01 -1.628514950497910174e-01 -2.334797684404207541e+00 9.999999999999999799e-13 1.066598522485683459e-01 8.699999999999999400e-02 -6.752653855711963082e-01 1.093077705098673746e+00 -1.878444436160326136e-01 4.293641444250542727e-01 4.915231677287490442e-01
-9.999999999999999799e-13 2.947837015900992355e-02 8.699999999999999400e-02 3.333520326335031592e-01 -1.589964676322203729e+00 -1.213126088159141164e-01 -2.337670634020697913e-01 -2.194859109129223995e+00 9.999999999999999799e-13 1.072443210774252920e-01 8.699999999999999400e-02 -5.881216240152227215e-01 1.186332585300485576e+00 -1.721985823107499702e-01 5.974910773648379747e-01 3.607534135568606359e-01
-9.999999999999999799e-13 1.675757038090502915e-02 8.699999999999999400e-02 4.997292426510124286e-01 -1.695010286828397383e+00 -1.727816965001815475e-01 -2.166270115429436705e-01 -2.056284582435369934e+00 9.999999999999999799e-13 9.182747905233587526e-02 8.699999999999999400e-02 -4.600075779038017565e-01 1.200234259890673449e+00 -1.420201030355176530e-01 7.431443261105445952e-01 2.323128732196382273e-01
9.999999999999999799e-13 -1.634511484423984383e-03 8.699999999999999400e-02 6.268843609071408363e-01 -1.752049146225125753e+00 -2.746985699995814212e-01 -1.940887466969155040e-01 -1.895065042682882783e+00 9.999999999999999799e-13 6.258267427718919307e-02 8.699999999999999400e-02 -3.159799382953494273e-01 1.170060248614452902e+00 -1.379918098214015509e-01 7.850000000000000311e-01 1.669827511088390892e-01
9.999999999999999799e-13 -3.003715552050708476e-02 8.699999999999999400e-02 7.658871582021105073e-01 -1.769175876965123351e+00 -4.757246229749265837e-02 -4.354956692448384847e-02 -1.847910756247523878e+00 -9.999999999999999799e-13 3.336566474438345392e-02 8.699999999999999400e-02 -1.484752440255515671e-01 1.088120572108394413e+00 -1.493411391219613693e-01 7.310408242145106650e-01 3.862419942806116779e-01
9.999999999999999799e-13 -4.789252370567321365e-02 8.699999999999999400e-02 9.378739388080395978e-01 -1.749351628192134633e+00 6.865628039402310763e-03 1.049901869426104889e-01 -1.710725774859318982e+00 -9.999999999999999799e-13 4.999202901369521890e-03 8.699999999999999400e-02 2.166132844811528152e-02 9.758474986462406520e-01 -1.542222733645646493e-01 6.193954631270698341e-01 6.709043240102952055e-01
9.999999999999999799e-13 9.039792665901311142e-02 8.699999999999999400e-02 6.502422894379608076e-01 -2.108507860195258488e+00 -2.312072111736360180e-01 9.785359491093721385e-01 0.000000000000000000e+00 9.999999999999999799e-13 -5.909266775181155895e-02 8.699999999999999400e-02 -5.127471320142034106e-01 1.158565247881924165e+00 -1.879333306288415995e-01 -6.143461931166044332e-01 1.463625868211622105e+00
