-9.999999999999999799e-13 -4.205240630070306712e-02 8.699999999999999400e-02 1.046999999999999931e+00 -7.263913842369396079e-01 -1.423010771786567541e-01 4.754516107111304013e-01 -1.788710500396862635e+00 9.999999999999999799e-13 -5.911126010021448135e-02 8.699999999999999400e-02 3.583255984408986183e-01 5.134366184991803195e-01 -2.227940555092075281e-01 -5.971191838186462597e-01 9.359285578222493740e-01
-9.999999999999999799e-13 -5.564628737673745634e-02 8.699999999999999400e-02 1.006778480052084479e+00 -5.346627082101491624e-01 -9.794817298368119207e-02 5.130271590216561872e-01 -1.730025181188176830e+00 9.999999999999999799e-13 -4.569197107702057531e-02 8.699999999999999400e-02 4.555762516454972544e-01 3.833548047280954663e-01 -2.231624426885476520e-01 -5.279595209082891261e-01 8.727837480404119219e-01
-9.999999999999999799e-13 -6.645463931798632762e-02 8.699999999999999400e-02 9.435255989871637050e-01 -3.274297239470378429e-01 -9.078577125181021279e-02 5.745141980889174604e-01 -1.654060148590463797e+00 9.999999999999999799e-13 -3.696609227469964398e-02 8.699999999999999400e-02 4.837548755255721700e-01 3.870657390237308704e-01 -2.354223706231652058e-01 -4.780091957316349727e-01 8.696766308649479527e-01
-9.999999999999999799e-13 -7.382573643898025784e-02 8.699999999999999400e-02 8.280629361424530765e-01 0.000000000000000000e+00 -1.160665418749464439e-01 6.407836120454482032e-01 -1.595637388201634366e+00 9.999999999999999799e-13 -3.078470253836063097e-02 8.694678555911483642e-02 4.476293988530214429e-01 5.085528441234341557e-01 -2.393281914176703939e-01 -4.417534790506759124e-01 8.770326502188403595e-01
-9.999999999999999799e-13 -7.675635497204513769e-02 8.699999999999999400e-02 8.623061019484081768e-01 0.000000000000000000e+00 -1.587356335852704858e-01 7.282686592882713361e-01 -1.596479901494762821e+00 9.999999999999999799e-13 -2.457655657964307599e-02 7.538443673664578515e-02 3.930287125264679271e-01 6.357294725132582869e-01 -2.371743841399930330e-01 -4.094657648275356610e-01 9.066301343025635617e-01
-9.999999999999999799e-13 -7.471834767150732637e-02 8.699999999999999400e-02 8.815145115890274941e-01 0.000000000000000000e+00 -1.408054503324216167e-01 7.890269778259296762e-01 -1.589005392606116729e+00 9.999999999999999799e-13 -1.719273179543553270e-02 6.270270376628979403e-02 2.983849529181227811e-01 7.883039185106719415e-01 -2.334343303539742898e-01 -3.747739025684094227e-01 9.390642131784954216e-01
-9.999999999999999799e-13 -6.973026439485567607e-02 8.699999999999999400e-02 8.766796211415093243e-01 0.000000000000000000e+00 -1.572763275102982417e-01 8.492331202362274345e-01 -1.566120169263758299e+00 9.999999999999999799e-13 -5.444081107424262982e-03 5.673854932003509488e-02 1.853649458012739670e-01 9.414465027473841729e-01 -2.298321943597546879e-01 -3.368116282522379268e-01 9.593681622815637411e-01
9.999999999999999799e-13 -6.452443667166031516e-02 8.699999999999999400e-02 1.046999999999999931e+00 -5.936424347366218157e-01 -1.700770685892672440e-01 9.111520428215780232e-01 -1.544434470337161969e+00 9.999999999999999799e-13 1.051241536954722333e-02 5.809413396924976297e-02 6.286028923994028961e-02 1.092155873381123854e+00 -2.241591942207752930e-01 -2.986050532713740990e-01 9.752822045937534767e-01
9.999999999999999799e-13 -5.897471312695604789e-02 8.699999999999999400e-02 1.046999999999999931e+00 -9.112027138688798544e-01 -1.734816446828124914e-01 9.738484126685460485e-01 -1.527581451524356204e+00 9.999999999999999799e-13 3.218164059225234880e-02 6.230245846471497290e-02 -4.458252144426366748e-02 1.214624556694364088e+00 -2.135849680306039777e-01 -2.656322159234593694e-01 1.002367646524154665e+00
9.999999999999999799e-13 -5.173592510324860616e-02 8.699999999999999400e-02 1.046999999999999931e+00 -1.227614348528602406e+00 -1.716257769766496855e-01 1.033601527040752144e+00 -1.506192386917059700e+00 9.999999999999999799e-13 5.729922647029898897e-02 6.644676661056909961e-02 -1.541848254470918334e-01 1.312452032200853047e+00 -1.999675739748141834e-01 -2.271903901924155755e-01 1.017876383653915084e+00
9.999999999999999799e-13 -4.483974964676348124e-02 8.699999999999999400e-02 1.046999999999999931e+00 -1.539894849753539852e+00 -1.754193910277093982e-01 1.046999999999999931e+00 -1.465333658640362025e+00 9.999999999999999799e-13 8.487757378896149119e-02 7.546579089372512650e-02 -2.698174655266655786e-01 1.376480606993446543e+00 -1.871062093793640635e-01 -1.895367863141083908e-01 1.025996824657203987e+00
9.999999999999999799e-13 -4.070240657155053954e-02 8.699999999999999400e-02 1.046999999999999931e+00 -1.783239853159641619e+00 -1.791945068358328508e-01 1.046999999999999931e+00 -1.407805223931490879e+00 9.999999999999999799e-13 1.078943168715353618e-01 8.575077277399242859e-02 -3.923654220444460217e-01 1.414729345244086112e+00 -1.764777378662466534e-01 -1.383470217449185580e-01 1.008385202826715954e+00
9.999999999999999799e-13 -3.141194015566268344e-02 8.699999999999999400e-02 1.046999999999999931e+00 -1.973144999961057522e+00 -1.779083385949770668e-01 1.046999999999999931e+00 -1.346731277761742618e+00 9.999999999999999799e-13 1.269020194538302559e-01 8.699999999999999400e-02 -5.004390668975842171e-01 1.431238232701327107e+00 -1.685221690352638191e-01 -8.036590430490352099e-02 9.747116806718816306e-01
9.999999999999999799e-13 -1.873926151218212668e-02 8.699999999999999400e-02 9.072245808806935763e-01 -2.079761001581672097e+00 -1.747675872153659771e-01 1.046999999999999931e+00 -1.274152387028255617e+00 9.999999999999999799e-13 1.416385107074206451e-01 8.699999999999999400e-02 -5.999747615268818945e-01 1.421416803663298367e+00 -1.660741873189060247e-01 -1.150495203985047767e-02 9.220940607909966502e-01
9.999999999999999799e-13 -2.267594656071758932e-03 8.699999999999999400e-02 6.867385193942106003e-01 -2.107316198820757158e+00 -1.721325211786747800e-01 1.046999999999999931e+00 -1.199637784569091536e+00 9.999999999999999799e-13 1.504696767288470072e-01 8.699999999999999400e-02 -6.810696321224737337e-01 1.385756827590254758e+00 -1.694632374335808267e-01 6.299779599140434283e-02 8.515344288433759345e-01
9.999999999999999799e-13 1.589822192823881972e-02 8.699999999999999400e-02 5.233630881988106109e-01 -2.070087120891112242e+00 -1.704284455851157454e-01 1.046999999999999931e+00 -1.108752066987515050e+00 9.999999999999999799e-13 1.499397083248768248e-01 8.699999999999999400e-02 -7.408772112613239980e-01 1.331314670201459549e+00 -1.763160436551859667e-01 1.558676396517508778e-01 7.504849259895856051e-01
-9.999999999999999799e-13 3.593761383404819182e-02 8.699999999999999400e-02 4.378963390249313026e-01 -1.993465060622680696e+00 -1.699704652231137092e-01 1.046999999999999931e+00 -9.997368436167253236e-01 9.999999999999999799e-13 1.405504834074426668e-01 8.699999999999999400e-02 -7.824847493241146035e-01 1.268729631362949917e+00 -1.865304152770995427e-01 2.656590770164607429e-01 6.082821039395511775e-01
-9.999999999999999799e-13 5.410329518209817945e-02 8.699999999999999400e-02 3.819183613387922005e-01 -1.950782198031390635e+00 -1.750387950482638344e-01 1.046999999999999931e+00 -8.737258914814702848e-01 9.999999999999999799e-13 1.251449837378840468e-01 8.699999999999999400e-02 -7.850000000000000311e-01 1.204150662099552349e+00 -2.014472045671020783e-01 4.012977469090231453e-01 4.119827809527372153e-01
-9.999999999999999799e-13 6.984504492405732567e-02 8.699999999999999400e-02 3.554177434175923023e-01 -1.852861296783309797e+00 -1.829455278196796819e-01 1.046999999999999931e+00 -7.296991669654930845e-01 9.999999999999999799e-13 1.077597994718760971e-01 8.699999999999999400e-02 -7.800944890824016431e-01 1.144935829771519309e+00 -2.155870604255126499e-01 6.475239448879381854e-01 0.000000000000000000e+00
-9.999999999999999799e-13 8.290833768402555704e-02 8.699999999999999400e-02 3.692220064755438735e-01 -1.781428466120718923e+00 -1.810405234680270425e-01 1.046409544176171380e+00 -5.502097503943552681e-01 9.999999999999999799e-13 9.431815933582736455e-02 8.699999999999999400e-02 -7.225294881281795201e-01 1.065817103210794592e+00 -2.146937438426769207e-01 6.812854973812222381e-01 0.000000000000000000e+00
-9.999999999999999799e-13 9.282245748481461611e-02 8.699999999999999400e-02 4.244473814027911462e-01 -1.727492148962467944e+00 -1.846303237524558050e-01 9.626391711217205938e-01 -3.055336244652773203e-01 9.999999999999999799e-13 8.620781738425570273e-02 8.699999999999999400e-02 -6.736155624274650089e-01 1.025931166146307305e+00 -2.088627482006928104e-01 7.101066576171773947e-01 0.000000000000000000e+00
-9.999999999999999799e-13 1.013369550016099824e-01 8.699999999999999400e-02 5.053597934286071514e-01 -1.669076469422751785e+00 -1.835903069018167133e-01 8.527078126580379669e-01 0.000000000000000000e+00 9.999999999999999799e-13 8.455971539459397612e-02 8.699999999999999400e-02 -6.335981631556116822e-01 1.061995174917752749e+00 -2.023245252525990578e-01 7.361514094783894180e-01 0.000000000000000000e+00
-9.999999999999999799e-13 1.084062134039159853e-01 8.699999999999999400e-02 5.848121627019418067e-01 -1.603203461123575480e+00 -1.832472019153378595e-01 8.877782316685822739e-01 0.000000000000000000e+00 9.999999999999999799e-13 8.318612033678123019e-02 8.699999999999999400e-02 -6.034948564964638384e-01 1.088947097342252590e+00 -1.870890241638925866e-01 6.127527644028404330e-01 2.696734220283980576e-01
-9.999999999999999799e-13 1.136084900534943681e-01 8.699999999999999400e-02 6.920778725481459004e-01 -1.641208854411411622e+00 -1.797444887796579571e-01 9.181353469716216908e-01 0.000000000000000000e+00 9.999999999999999799e-13 7.904348234959990283e-02 8.699999999999999400e-02 -5.720162243273138047e-01 1.124762248506478102e+00 -1.694593126724513454e-01 4.781264980226287986e-01 5.102015811583626714e-01
-9.999999999999999799e-13 1.138822701738480131e-01 8.699999999999999400e-02 7.478329432995688419e-01 -1.630307012087247820e+00 -1.684189751245403210e-01 9.284111468840676729e-01 0.000000000000000000e+00 9.999999999999999799e-13 7.101980722883335928e-02 8.699999999999999400e-02 -5.340263855488448508e-01 1.149266499040848544e+00 -1.553806755932190531e-01 3.499365555063473909e-01 6.921636747065864625e-01
-9.999999999999999799e-13 1.122853149064332173e-01 8.699999999999999400e-02 8.342296868222108808e-01 -1.632414972331611480e+00 -1.744062067579512099e-01 1.046999999999999931e+00 -3.669092698775688888e-01 9.999999999999999799e-13 5.578459735567892902e-02 8.699999999999999400e-02 -4.966064842134358948e-01 1.171248028389912932e+00 -1.519817414859029880e-01 2.211278458563690208e-01 8.591204353225121437e-01
9.999999999999999799e-13 1.059349037689704121e-01 8.699999999999999400e-02 9.076117035193216331e-01 -1.626139345269336900e+00 -2.053640321777931155e-01 1.046999999999999931e+00 -7.336986182025961867e-01 9.999999999999999799e-13 3.476590011033307143e-02 8.699999999999999400e-02 -4.552105725295238492e-01 1.188809915276585194e+00 -1.528823903179541421e-01 9.332702145258854609e-02 1.008665700829147305e+00
9.999999999999999799e-13 9.535299999536439586e-02 8.699999999999999400e-02 9.791281821726459667e-01 -1.609741070334044899e+00 -2.168022499741073528e-01 1.046999999999999931e+00 -9.911407801597720280e-01 9.999999999999999799e-13 7.139858721837648477e-03 8.699999999999999400e-02 -4.119534264368177601e-01 1.202444693637560569e+00 -1.492770010758896759e-01 -2.570101729251230219e-02 1.137587640631231523e+00
9.999999999999999799e-13 8.267655693322206734e-02 8.699999999999999400e-02 1.039944062963181981e+00 -1.578189846054291579e+00 -2.199165852271726396e-01 1.046999999999999931e+00 -1.257459113995607503e+00 9.999999999999999799e-13 -2.341607206473609454e-02 8.699999999999999400e-02 -3.612302244349558933e-01 1.201982199096766735e+00 -1.469792645543578635e-01 -1.374143254408622672e-01 1.236991061069126374e+00
9.999999999999999799e-13 7.076545556669236459e-02 8.699999999999999400e-02 1.046999999999999931e+00 -1.530016976700832032e+00 -2.269516387839287941e-01 1.046999999999999931e+00 -1.517320048851522607e+00 9.999999999999999799e-13 -5.390032745026095834e-02 8.699999999999999400e-02 -3.066328605510592054e-01 1.182343531518955437e+00 -1.567265142623209540e-01 -2.327278459335687388e-01 1.286984091173022371e+00
9.999999999999999799e-13 6.054709293903141193e-02 8.699999999999999400e-02 1.046999999999999931e+00 -1.472191050781143318e+00 -2.202037967874419522e-01 1.046999999999999931e+00 -1.737685924228621559e+00 9.999999999999999799e-13 -8.094907345028541645e-02 7.844110520722541446e-02 -2.484621804276837542e-01 1.161370369610766673e+00 -1.648131210344936648e-01 -3.404570327354252135e-01 1.324664741142973945e+00
9.999999999999999799e-13 4.675552380473821379e-02 8.699999999999999400e-02 1.046999999999999931e+00 -1.408142638570298644e+00 -2.066399720760228598e-01 1.046999999999999931e+00 -1.910084445496673666e+00 9.999999999999999799e-13 -1.018000443618636980e-01 6.729191926959507408e-02 -1.868560641562801161e-01 1.127509438314810097e+00 -1.695462383810865670e-01 -4.430501545373926597e-01 1.342072465847962803e+00
9.999999999999999799e-13 3.502978879869865503e-02 8.699999999999999400e-02 1.046999999999999931e+00 -1.313805308209403222e+00 -1.923033507518053797e-01 1.019063019268999559e+00 -2.000026220850516623e+00 9.999999999999999799e-13 -1.145643026468649989e-01 6.082218830788612557e-02 -1.171179276972468125e-01 1.074953856529031526e+00 -1.768983765485461490e-01 -5.305553881003962635e-01 1.329504310920389898e+00
9.999999999999999799e-13 1.768406539609895800e-02 8.699999999999999400e-02 1.046999999999999931e+00 -1.232064763501265148e+00 -1.758797286717851127e-01 8.272060663998069829e-01 -2.023527521183064337e+00 9.999999999999999799e-13 -1.184058459846010353e-01 6.020773410745972748e-02 -4.337313173130851601e-02 1.009949215715634452e+00 -1.841748343689500744e-01 -5.951274605305272303e-01 1.290475374122701524e+00
9.999999999999999799e-13 -1.477850063144937149e-03 8.699999999999999400e-02 1.046999999999999931e+00 -1.138460720069005561e+00 -1.530411345698213799e-01 6.860609330254362481e-01 -1.983549088186210341e+00 9.999999999999999799e-13 -1.125604600687041823e-01 6.486754508680137032e-02 3.899086383039890996e-02 9.256828744022662647e-01 -1.926391682298633501e-01 -6.322752108079193745e-01 1.222905643138573417e+00
9.999999999999999799e-13 -1.670121079076130818e-02 8.699999999999999400e-02 1.046999999999999931e+00 -1.032229956968594209e+00 -1.319898827909218864e-01 5.785999144479081480e-01 -1.914055118993643667e+00 9.999999999999999799e-13 -9.691785706474354001e-02 7.023302835007062817e-02 1.235051760428358125e-01 8.289986409286980162e-01 -1.946381955498563132e-01 -6.440898367273326652e-01 1.143599132044807121e+00
-9.999999999999999799e-13 -4.205240630070306712e-02 8.699999999999999400e-02 1.046999999999999931e+00 -7.263913842369396079e-01 -1.423010771786567541e-01 4.754516107111304013e-01 -1.788710500396862635e+00 9.999999999999999799e-13 -5.911126010021448135e-02 8.699999999999999400e-02 3.583255984408986183e-01 5.134366184991803195e-01 -2.227940555092075281e-01 -5.971191838186462597e-01 9.359285578222493740e-01
