9.999999999999999799e-13 -6.671941416963450555e-02 8.699999999999999400e-02 9.462512559822984226e-01 0.000000000000000000e+00 -1.062670178818007627e-01 9.058547536566878833e-01 -1.116876425683864582e+00 -9.999999999999999799e-13 1.803838209102999468e-02 4.115024425335132158e-02 1.142116376465622252e-01 1.536116619478138823e+00 -8.173368279234966005e-02 -2.255767095115868703e-01 1.765041559214100886e+00
9.999999999999999799e-13 -4.162248896753655003e-02 6.084173081597759464e-02 1.028746031885781731e+00 0.000000000000000000e+00 -1.348684853623375035e-01 9.233356050389204261e-01 -7.062819321627085145e-01 -9.999999999999999799e-13 2.551928524941456111e-02 4.357006908906023435e-02 -4.806961748966261105e-02 1.688622307831630920e+00 -7.362458832222605609e-02 -4.268272742626053051e-01 1.823846123883498649e+00
9.999999999999999799e-13 -1.389842865315410285e-02 8.699999999999999400e-02 1.046999999999999931e+00 0.000000000000000000e+00 -1.361237284368607692e-01 7.577914446601131671e-01 0.000000000000000000e+00 -9.999999999999999799e-13 3.678741355869010604e-02 4.663600965838465146e-02 -2.115168790422732592e-01 1.808149302494888921e+00 -6.261005070446293286e-02 -6.327988577783925095e-01 1.833055881667142728e+00
9.999999999999999799e-13 4.690389922818480155e-03 8.699999999999999400e-02 1.046999999999999931e+00 0.000000000000000000e+00 -1.146537202593698873e-01 8.922835480398227936e-01 0.000000000000000000e+00 -9.999999999999999799e-13 4.703882905568747275e-02 4.987226427854032917e-02 -3.818629048917733804e-01 1.894885876259199797e+00 -5.202509582714006514e-02 -7.850000000000000311e-01 1.790805577160018203e+00
9.999999999999999799e-13 1.656978695386772393e-02 8.699999999999999400e-02 1.020861479697635854e+00 0.000000000000000000e+00 -9.307724477207797442e-02 9.939068599466712728e-01 0.000000000000000000e+00 -9.999999999999999799e-13 5.688585479700525999e-02 5.481188821108957249e-02 -5.554593862721582953e-01 1.945872010780885120e+00 -4.698050149779008089e-02 -7.850000000000000311e-01 1.694776628675194630e+00
9.999999999999999799e-13 2.779535961155427809e-02 8.699999999999999400e-02 1.046999999999999931e+00 -8.955564056309821552e-01 -8.355851516258523681e-02 1.046999999999999931e+00 0.000000000000000000e+00 9.999999999999999799e-13 6.959485714099045151e-02 6.395441335954236972e-02 -7.259778970217780625e-01 1.952077852283496284e+00 -5.304275287832668079e-02 -7.850000000000000311e-01 1.555814067366894982e+00
9.999999999999999799e-13 4.310202710773122781e-02 8.699999999999999400e-02 1.046999999999999931e+00 -1.532902649832720066e+00 -1.230590234195101107e-01 1.046999999999999931e+00 0.000000000000000000e+00 9.999999999999999799e-13 8.147497227247636753e-02 7.190814114036832294e-02 -7.850000000000000311e-01 1.923177522754104807e+00 -6.048787323792534365e-02 -7.850000000000000311e-01 1.411105464777450358e+00
-9.999999999999999799e-13 4.183271505566168308e-02 8.699999999999999400e-02 1.046999999999999931e+00 -2.021547874007422863e+00 -1.922925206865571668e-01 1.046999999999999931e+00 0.000000000000000000e+00 9.999999999999999799e-13 8.497295644497701583e-02 8.514540366465010723e-02 -7.850000000000000311e-01 1.852638414941387701e+00 -7.276161750460932720e-02 -7.850000000000000311e-01 1.268294343108851585e+00
-9.999999999999999799e-13 3.194815532734188168e-02 8.699999999999999400e-02 1.046999999999999931e+00 -2.355999999999999872e+00 -2.926995443629162863e-01 1.046999999999999931e+00 0.000000000000000000e+00 9.999999999999999799e-13 8.549785724607041060e-02 8.699999999999999400e-02 -7.850000000000000311e-01 1.741812346702854342e+00 -8.703407262058648897e-02 -7.850000000000000311e-01 1.148632578182736452e+00
-9.999999999999999799e-13 2.246783274823285076e-02 8.699999999999999400e-02 1.046999999999999931e+00 -2.355999999999999872e+00 -6.076331088161552874e-01 1.046999999999999931e+00 -5.948385031293890179e-01 9.999999999999999799e-13 8.671621374530395776e-02 8.699999999999999400e-02 -7.850000000000000311e-01 1.577673379705726298e+00 -1.142047731198434640e-01 -6.302441698246971091e-01 9.562718430186363250e-01
-9.999999999999999799e-13 1.242250104257011482e-02 8.699999999999999400e-02 3.314956057940436907e-01 -2.355999999999999872e+00 -7.850000000000000311e-01 1.046999999999999931e+00 -1.252697485615007267e+00 9.999999999999999799e-13 8.335207744862144219e-02 8.699999999999999400e-02 -7.850000000000000311e-01 1.392175943738846122e+00 -1.497842743637255170e-01 -4.927734781630457306e-01 9.775014856350683345e-01
-9.999999999999999799e-13 2.703442590257093114e-03 8.699999999999999400e-02 -2.258351885206238419e-01 -2.355999999999999872e+00 -7.850000000000000311e-01 1.046999999999999931e+00 -1.719719377760498880e+00 9.999999999999999799e-13 8.085056970816102695e-02 8.699999999999999400e-02 -7.850000000000000311e-01 1.215615323705426576e+00 -1.771047306228033247e-01 -3.134537780869807166e-01 9.961940441048984241e-01
-9.999999999999999799e-13 -6.211753128141918497e-03 8.699999999999999400e-02 -4.295475802527778941e-01 -2.355999999999999872e+00 -7.850000000000000311e-01 1.046999999999999931e+00 -2.088278369880666396e+00 9.999999999999999799e-13 7.260793695146938731e-02 8.699999999999999400e-02 -7.850000000000000311e-01 1.055775607622716272e+00 -1.930104089140110279e-01 -1.018133725101682541e-01 8.844606490840254409e-01
-9.999999999999999799e-13 -3.584845615545117180e-03 8.699999999999999400e-02 -5.244751154175328889e-01 -2.127685254232854817e+00 -7.850000000000000311e-01 1.046999999999999931e+00 -2.326500627281001155e+00 9.999999999999999799e-13 7.173048453192774898e-02 8.699999999999999400e-02 -7.850000000000000311e-01 1.017934723348195902e+00 -1.989000584083911172e-01 1.458873383976544980e-01 7.033082027945809500e-01
-9.999999999999999799e-13 9.281237746491356050e-03 8.699999999999999400e-02 -5.504302026778477019e-01 -1.918073504044559563e+00 -6.207690885871407493e-01 1.476688872023800003e-02 -2.355999999999999872e+00 9.999999999999999799e-13 8.036771751493361482e-02 8.699999999999999400e-02 -6.603804643486973491e-01 1.130150913065721241e+00 -1.871019296659695297e-01 4.572331198477966319e-01 3.660013315589658589e-01
-9.999999999999999799e-13 2.373955314376215153e-02 8.699999999999999400e-02 -5.054910782400651170e-01 -1.776435377772699553e+00 -2.845291897937213266e-01 -4.120308509194731128e-01 -2.355999999999999872e+00 9.999999999999999799e-13 7.721807452910313396e-02 8.699999999999999400e-02 -4.597596544233357729e-01 1.093267644091129753e+00 -1.567424385628055361e-01 7.711839048341114777e-01 0.000000000000000000e+00
-9.999999999999999799e-13 3.643509944825165658e-02 8.699999999999999400e-02 -3.761011500080432834e-01 -1.672678271692365826e+00 -1.895808873412380413e-01 -5.386605293728139454e-01 -2.207012913653685793e+00 9.999999999999999799e-13 7.333851950747569126e-02 8.699999999999999400e-02 -1.748251213649911762e-01 9.038885198523676223e-01 -1.210261228216385071e-01 7.850000000000000311e-01 0.000000000000000000e+00
-9.999999999999999799e-13 3.630784650494229410e-02 8.699999999999999400e-02 -1.806192262604845167e-01 -1.572983915654986298e+00 -1.349466481872482748e-01 -5.720827381174752313e-01 -2.042753086645365812e+00 9.999999999999999799e-13 6.841316746437034468e-02 8.699999999999999400e-02 1.970083608799863273e-01 5.225535470712570074e-01 -1.113145191821872382e-01 7.850000000000000311e-01 0.000000000000000000e+00
9.999999999999999799e-13 2.001334674051067491e-02 8.699999999999999400e-02 3.583028510187480364e-02 -1.419011012571189667e+00 -9.503480438804717823e-02 -4.915283486776733657e-01 -1.957706728700588705e+00 9.999999999999999799e-13 6.093624031644512967e-02 8.699999999999999400e-02 6.076510760775541975e-01 0.000000000000000000e+00 -1.427095641492304168e-01 7.850000000000000311e-01 0.000000000000000000e+00
9.999999999999999799e-13 -7.559992465987575537e-03 8.699999999999999400e-02 2.578449225775258924e-01 -1.270065700479568349e+00 -4.109188117251285632e-01 -5.442447476353313718e-01 -1.824593890610549884e+00 9.999999999999999799e-13 4.297136931571714918e-02 8.699999999999999400e-02 7.204910252987390962e-01 0.000000000000000000e+00 -1.698688279141510604e-01 7.850000000000000311e-01 0.000000000000000000e+00
9.999999999999999799e-13 -3.712677093615681517e-02 8.699999999999999400e-02 5.309934380181502434e-01 -1.351690967487167327e+00 8.699999999999999400e-02 -2.887010591586858244e-01 -1.902528013679484431e+00 -9.999999999999999799e-13 2.374694779587900248e-02 8.699999999999999400e-02 7.850000000000000311e-01 0.000000000000000000e+00 -2.084315918935309431e-01 7.850000000000000311e-01 0.000000000000000000e+00
9.999999999999999799e-13 -6.900682756975468068e-02 8.699999999999999400e-02 8.061635442065617774e-01 -1.342018119701828383e+00 -1.068268301230719808e-01 -6.525585013894952269e-02 -1.793473836416292322e+00 -9.999999999999999799e-13 1.027742931303972374e-02 8.699999999999999400e-02 7.850000000000000311e-01 0.000000000000000000e+00 -1.369231706110728419e-01 7.850000000000000311e-01 5.025839128004836454e-01
9.999999999999999799e-13 -8.404339345050425292e-02 8.699999999999999400e-02 9.526683690132614624e-01 -1.133626586097407518e+00 -3.354974776281470679e-03 1.228111162946390472e-01 -1.646566447031498903e+00 -9.999999999999999799e-13 1.047562669211074549e-02 8.699999999999999400e-02 7.850000000000000311e-01 0.000000000000000000e+00 8.699999999999999400e-02 6.664719820299818132e-01 9.767388046682725644e-01
9.999999999999999799e-13 -7.776051713109249919e-02 8.699999999999999400e-02 9.365944305879835285e-01 -6.632090447570098135e-01 -1.860820318311147414e-02 3.294089419976671262e-01 -1.561204683307826357e+00 -9.999999999999999799e-13 1.314065346809076794e-02 5.810959181947480956e-02 7.850000000000000311e-01 4.514331649164997629e-01 8.699999999999999400e-02 5.024167427939291164e-01 1.253425719220548018e+00
9.999999999999999799e-13 -9.164297230485045354e-02 8.699999999999999400e-02 7.806763828477834011e-01 0.000000000000000000e+00 -6.169723220548804787e-02 5.583644019465571207e-01 -1.476613196639259940e+00 -9.999999999999999799e-13 1.610959202759987621e-02 -3.215159260557833021e-02 6.391154312181569486e-01 9.007217796493804940e-01 8.699999999999999400e-02 3.235236042725471162e-01 1.479458575773438866e+00
9.999999999999999799e-13 -9.091982139139566377e-02 8.699999999999999400e-02 9.095417883943427428e-01 0.000000000000000000e+00 -1.109384696540327564e-01 7.658298829537443231e-01 -1.332064034646200490e+00 -9.999999999999999799e-13 2.588796083261777486e-02 -5.755090429581077860e-02 4.835543727228783784e-01 1.181874783524042627e+00 8.699999999999999400e-02 1.388075446388386813e-01 1.643724257243332154e+00
9.999999999999999799e-13 -7.862964530646283923e-02 5.130715980607085391e-02 1.005839895583878318e+00 0.000000000000000000e+00 -1.584299699649809878e-01 9.071192209657283900e-01 -1.099840634440877096e+00 -9.999999999999999799e-13 3.876877384602205046e-02 -7.015933874474583609e-02 3.245579342410329637e-01 1.410227643337017334e+00 -8.138941637986336908e-02 -9.307626053892752160e-02 1.693562283626397047e+00
9.999999999999999799e-13 -6.109082367052775381e-02 5.234295955574012893e-02 1.042534574161353422e+00 0.000000000000000000e+00 -1.688973551819350216e-01 9.135292974031025137e-01 -6.579363142212475424e-01 -9.999999999999999799e-13 5.105643781105457385e-02 -6.743125904500557599e-02 1.317225768372055350e-01 1.608118582492878978e+00 -7.585611712644267646e-02 -3.337682164443948052e-01 1.755166731725492646e+00
9.999999999999999799e-13 -3.824999824567128226e-02 8.699999999999999400e-02 1.025914837974674088e+00 0.000000000000000000e+00 -1.618056678711396745e-01 7.688140603504238779e-01 0.000000000000000000e+00 -9.999999999999999799e-13 6.027853301473424380e-02 -7.286521218158453772e-02 -6.630838074073662491e-02 1.763351225997314309e+00 -7.018540175157407524e-02 -5.672863278162633138e-01 1.748352212074793854e+00
9.999999999999999799e-13 -1.853650445360315036e-02 8.699999999999999400e-02 9.676958586298147758e-01 0.000000000000000000e+00 -1.328367306943623871e-01 8.971007170885895166e-01 0.000000000000000000e+00 -9.999999999999999799e-13 6.772255559356890608e-02 1.898106857900984292e-03 -2.749815463588999309e-01 1.839388624469981082e+00 -6.261461036063101226e-02 -7.591993049271392735e-01 1.673980698018874946e+00
9.999999999999999799e-13 -6.266507470961301361e-03 8.699999999999999400e-02 1.046999999999999931e+00 -8.403068146710266362e-01 -1.053008292183439248e-01 9.947017368780227686e-01 0.000000000000000000e+00 9.999999999999999799e-13 7.784856199943132604e-02 4.426287273363428351e-03 -4.714009591843830171e-01 1.886415863222953959e+00 -6.224526888007102937e-02 -7.850000000000000311e-01 1.543656900505554930e+00
-9.999999999999999799e-13 1.805171165901296986e-03 8.699999999999999400e-02 1.046999999999999931e+00 -1.453798558617486414e+00 -1.232580673764988727e-01 1.046999999999999931e+00 0.000000000000000000e+00 9.999999999999999799e-13 8.961168019724471967e-02 1.533757964573930974e-02 -6.597417999386555598e-01 1.887574640289483519e+00 -6.916985743272109632e-02 -7.850000000000000311e-01 1.393359078360628445e+00
-9.999999999999999799e-13 1.677589590937168806e-02 8.699999999999999400e-02 1.046999999999999931e+00 -1.883520222221163110e+00 -1.729791703286563120e-01 1.046999999999999931e+00 0.000000000000000000e+00 9.999999999999999799e-13 9.895747974513813272e-02 2.982337570343028196e-02 -7.850000000000000311e-01 1.842067260628535763e+00 -8.104735211353815416e-02 -7.850000000000000311e-01 1.255957297693949926e+00
-9.999999999999999799e-13 2.539090489319175206e-02 8.699999999999999400e-02 1.046999999999999931e+00 -2.241261323606179801e+00 -2.544847389662993620e-01 1.046999999999999931e+00 0.000000000000000000e+00 9.999999999999999799e-13 1.028364521210083510e-01 4.444918603002624008e-02 -7.850000000000000311e-01 1.752003001493818601e+00 -9.868085999251954843e-02 -7.850000000000000311e-01 1.133495148994366986e+00
-9.999999999999999799e-13 1.759748463268998378e-02 8.699999999999999400e-02 1.046999999999999931e+00 -2.355999999999999872e+00 -4.387242547709637730e-01 1.046999999999999931e+00 0.000000000000000000e+00 9.999999999999999799e-13 9.899494450880956531e-02 7.977666450030695966e-02 -7.850000000000000311e-01 1.595133826283045231e+00 -1.156072050981236526e-01 -7.850000000000000311e-01 9.953510029961707417e-01
-9.999999999999999799e-13 1.042043703141083341e-02 8.699999999999999400e-02 5.791558913443070056e-01 -2.355999999999999872e+00 -7.850000000000000311e-01 1.046999999999999931e+00 -8.998600613178870944e-01 9.999999999999999799e-13 9.077090755951201795e-02 8.699999999999999400e-02 -7.850000000000000311e-01 1.414451573959155439e+00 -1.528680089037275092e-01 -5.515530796389341850e-01 7.562686646975560478e-01
-9.999999999999999799e-13 7.293770276059512690e-03 8.699999999999999400e-02 -4.096079046179373212e-02 -2.355999999999999872e+00 -7.850000000000000311e-01 1.046999999999999931e+00 -1.458047381155264333e+00 9.999999999999999799e-13 8.219243526469294236e-02 8.699999999999999400e-02 -7.850000000000000311e-01 1.230414890850300758e+00 -2.004071047370915848e-01 -4.027192685546228668e-01 7.068342659125974592e-01
-9.999999999999999799e-13 3.806965323720590960e-03 8.699999999999999400e-02 -4.059570800993136941e-01 -2.355999999999999872e+00 -7.850000000000000311e-01 1.046999999999999931e+00 -1.855147330836070196e+00 9.999999999999999799e-13 7.842442694342914578e-02 8.699999999999999400e-02 -7.850000000000000311e-01 1.096442028434484683e+00 -2.236708190868308688e-01 -2.497690709578164747e-01 7.885251459026232368e-01
-9.999999999999999799e-13 4.063657323140306213e-03 8.699999999999999400e-02 -5.806557204927649263e-01 -2.268831943094328452e+00 -7.850000000000000311e-01 1.046999999999999931e+00 -2.182360082889462483e+00 9.999999999999999799e-13 7.434097931932771852e-02 8.699999999999999400e-02 -7.850000000000000311e-01 9.653243463624487930e-01 -2.327179863653534853e-01 -4.972395862701942809e-02 7.035965514826294509e-01
-9.999999999999999799e-13 5.397581771907155636e-03 8.699999999999999400e-02 -6.747579714918769955e-01 -2.045073570059829926e+00 -7.850000000000000311e-01 1.046999999999999931e+00 -2.351011372553061918e+00 9.999999999999999799e-13 7.645773401692582127e-02 8.699999999999999400e-02 -7.830160276235917927e-01 8.098123315010301582e-01 -2.254513809285883519e-01 1.955624405949434874e-01 5.287614248138527984e-01
-9.999999999999999799e-13 1.210581964967879717e-02 8.699999999999999400e-02 -7.065473751076204456e-01 -1.875581431554500966e+00 -5.705443894045837405e-01 -2.373540864272195572e-01 -2.355999999999999872e+00 9.999999999999999799e-13 8.895948814717394293e-02 8.699999999999999400e-02 -6.881162306346515489e-01 9.108767306706262445e-01 -2.035474595129717068e-01 6.125782697076700423e-01 0.000000000000000000e+00
-9.999999999999999799e-13 2.190994078477283974e-02 8.699999999999999400e-02 -6.609771727677377084e-01 -1.763579247283622919e+00 -2.721892981611425677e-01 -5.367586241454287421e-01 -2.355999999999999872e+00 9.999999999999999799e-13 9.420396087166461874e-02 8.699999999999999400e-02 -5.281150089494422994e-01 9.956514434603178643e-01 -1.581593859372000532e-01 7.344070304339520572e-01 0.000000000000000000e+00
-9.999999999999999799e-13 3.012474669509763656e-02 8.699999999999999400e-02 -5.248058010366979387e-01 -1.695661927826968451e+00 -2.214759154117467155e-01 -6.507937414764134454e-01 -2.137060063740930715e+00 9.999999999999999799e-13 9.731566395390779667e-02 8.699999999999999400e-02 -2.772439748072594301e-01 8.617844553013860320e-01 -1.151078451394638019e-01 7.850000000000000311e-01 0.000000000000000000e+00
-9.999999999999999799e-13 2.881694046845045820e-02 8.699999999999999400e-02 -3.271126815324325032e-01 -1.640415483523764983e+00 -1.797257665186801356e-01 -6.735815650036075519e-01 -1.975457694918974383e+00 9.999999999999999799e-13 8.899114334382011993e-02 8.699999999999999400e-02 5.416553789743616676e-02 5.771656276455914281e-01 -1.041625048788623886e-01 7.850000000000000311e-01 0.000000000000000000e+00
-9.999999999999999799e-13 1.507840408787397037e-02 8.699999999999999400e-02 -1.104608467586758874e-01 -1.535002794147747096e+00 -1.442449682214097528e-01 -6.119622736448201428e-01 -1.889393711319676150e+00 9.999999999999999799e-13 7.740758297596588011e-02 8.699999999999999400e-02 5.063329307418125147e-01 0.000000000000000000e+00 -1.375216413582142361e-01 7.850000000000000311e-01 0.000000000000000000e+00
9.999999999999999799e-13 -7.386386122675264038e-03 8.699999999999999400e-02 9.624938947874035755e-02 -1.361407849943046422e+00 -4.060207082869126127e-01 -6.583341459149032460e-01 -1.765084181627219806e+00 9.999999999999999799e-13 5.922480980852958682e-02 8.699999999999999400e-02 6.323960145680517231e-01 0.000000000000000000e+00 -1.776429334065895982e-01 7.850000000000000311e-01 0.000000000000000000e+00
9.999999999999999799e-13 -3.336997952018109365e-02 8.699999999999999400e-02 2.652466709264970635e-01 -1.151608939467327453e+00 8.699999999999999400e-02 -4.070755489872553423e-01 -1.854191015318922275e+00 -9.999999999999999799e-13 3.773416122515927534e-02 8.699999999999999400e-02 7.460959253477706943e-01 0.000000000000000000e+00 -2.260954261381822594e-01 7.850000000000000311e-01 0.000000000000000000e+00
9.999999999999999799e-13 -5.654974960603312978e-02 8.699999999999999400e-02 5.176497637913044514e-01 -1.251943878681077038e+00 8.699999999999999400e-02 -2.079924353666917636e-01 -1.820822502203951032e+00 -9.999999999999999799e-13 1.980635058003713325e-02 8.444032700170353567e-02 7.850000000000000311e-01 0.000000000000000000e+00 -1.633189485146052944e-01 7.850000000000000311e-01 5.564117770739773761e-01
9.999999999999999799e-13 -8.356119360042203736e-02 8.699999999999999400e-02 7.744625035475315444e-01 -1.240078010980813161e+00 -4.033589414512978033e-02 8.764842932481592061e-03 -1.656392778602467253e+00 -9.999999999999999799e-13 1.109347088520004285e-02 8.699999999999999400e-02 7.850000000000000311e-01 0.000000000000000000e+00 -1.604576499963755176e-01 6.575252407648821684e-01 8.715902845216634276e-01
9.999999999999999799e-13 -9.229383248324495026e-02 8.699999999999999400e-02 9.103343223132214224e-01 -1.022776424280617213e+00 -6.110872210458560133e-02 1.618124105999680373e-01 -1.469657506321769169e+00 -9.999999999999999799e-13 1.006912089953045444e-02 5.605031086595062967e-02 7.850000000000000311e-01 2.801330719879144837e-01 -1.627225477106298834e-01 5.354963362109665947e-01 1.124564999751230587e+00
9.999999999999999799e-13 -8.520691862668453020e-02 8.699999999999999400e-02 8.700023735016954030e-01 -5.043771047917573469e-01 -8.052334754465696742e-02 3.095889863622199867e-01 -1.367267552373005124e+00 -9.999999999999999799e-13 1.542089100640143748e-02 -8.931394899643457785e-02 7.850000000000000311e-01 7.244766783746996452e-01 6.549275329169051973e-02 3.997621797067744676e-01 1.442006683356958696e+00
9.999999999999999799e-13 -1.121933126338131997e-01 8.699999999999999400e-02 7.827624732661309093e-01 0.000000000000000000e+00 -1.341736033264102068e-01 5.131696653250651385e-01 -1.288269521548010665e+00 -9.999999999999999799e-13 1.667043036238087528e-02 -1.522168209687298490e-01 6.831614659520156563e-01 1.027908405769270672e+00 -1.612020770262033442e-01 2.479187118330663242e-01 1.520848189894744351e+00
9.999999999999999799e-13 -1.053859361459766608e-01 6.135363263146577373e-02 9.074007687923357768e-01 0.000000000000000000e+00 -1.816462723725766060e-01 7.107792960607131061e-01 -1.167130064318753213e+00 -9.999999999999999799e-13 2.924152746324167051e-02 -1.956261079378837919e-01 5.928496274647732101e-01 1.258932132757362155e+00 -1.570324057942176776e-01 8.215028506018444421e-02 1.652439420083497090e+00
9.999999999999999799e-13 -9.682515865030086322e-02 2.895940456576100511e-02 1.001382587891087583e+00 0.000000000000000000e+00 -2.059621307271604640e-01 8.326535078946870616e-01 -9.270671108604577881e-01 -9.999999999999999799e-13 4.354070330099670677e-02 -2.244734205663843907e-01 4.770125863019501478e-01 1.481536810878165689e+00 -1.502121345568070143e-01 -1.240242898147378425e-01 1.755745863352274228e+00
9.999999999999999799e-13 -8.137564329547639086e-02 3.260580354208694048e-02 1.045961674568852251e+00 0.000000000000000000e+00 -2.195099204930551218e-01 7.813259772941401060e-01 -4.041846815207659205e-01 -9.999999999999999799e-13 5.845494645961893387e-02 -2.481361011618793688e-01 3.374052801087987774e-01 1.682925267106355705e+00 -1.431791495874695230e-01 -3.570490160171952421e-01 1.806157643303048843e+00
9.999999999999999799e-13 -6.186694428676077495e-02 8.699999999999999400e-02 1.037377459012372993e+00 0.000000000000000000e+00 -1.861378460682681646e-01 7.450367885359956421e-01 0.000000000000000000e+00 -9.999999999999999799e-13 7.355618648011931493e-02 -2.663373492641935014e-01 1.823860402304181005e-01 1.844328506335220830e+00 -1.316976086287778014e-01 -5.777233792609218765e-01 1.791847096343258450e+00
9.999999999999999799e-13 -4.662096408987426166e-02 8.699999999999999400e-02 9.754221396269708855e-01 0.000000000000000000e+00 -1.491833292218431861e-01 8.667555021805503079e-01 0.000000000000000000e+00 -9.999999999999999799e-13 8.743056164420072440e-02 -2.654570601342935987e-01 -8.891552274231800945e-03 1.957617188007811926e+00 -1.139271972190871313e-01 -7.575470870049401118e-01 1.718658198671683124e+00
9.999999999999999799e-13 -2.943157078946735325e-02 8.699999999999999400e-02 1.046999999999999931e+00 -8.841469879692738232e-01 -1.229853839193930931e-01 9.577551822915084667e-01 0.000000000000000000e+00 -9.999999999999999799e-13 1.029241937722493727e-01 -2.421876338167628095e-01 -2.242109413106436189e-01 2.019310945514463995e+00 -1.006653923443588117e-01 -7.850000000000000311e-01 1.590365168460458278e+00
9.999999999999999799e-13 -2.065830819487763162e-02 8.699999999999999400e-02 1.046999999999999931e+00 -1.484586569381562526e+00 -1.245132386487688009e-01 1.029497443549526992e+00 0.000000000000000000e+00 9.999999999999999799e-13 1.175875814302028977e-01 -1.994190226862191107e-01 -4.570040449530374804e-01 2.039964165767296222e+00 -9.230656898627077889e-02 -7.850000000000000311e-01 1.430324714187473312e+00
-9.999999999999999799e-13 3.669704758329309915e-04 8.699999999999999400e-02 1.046999999999999931e+00 -1.917407311783234647e+00 -2.006661164539213504e-01 1.046999999999999931e+00 0.000000000000000000e+00 9.999999999999999799e-13 1.297815244999919460e-01 -4.183947962912238500e-02 -6.899153968951282634e-01 1.971720501379941481e+00 -8.760059306158181347e-02 -7.850000000000000311e-01 1.275424201726345963e+00
-9.999999999999999799e-13 1.196494573090312215e-02 8.699999999999999400e-02 1.046999999999999931e+00 -2.275283919708144253e+00 -2.766826000974881294e-01 1.046999999999999931e+00 0.000000000000000000e+00 9.999999999999999799e-13 1.349101587674422786e-01 -1.981072228550728731e-02 -7.850000000000000311e-01 1.906890320691245755e+00 -1.007672614885443269e-01 -7.850000000000000311e-01 1.148682516217087723e+00
-9.999999999999999799e-13 8.476249753647923518e-03 8.699999999999999400e-02 1.032902264055829855e+00 -2.355999999999999872e+00 -5.257662402362822673e-01 1.046999999999999931e+00 -3.539822387397730807e-01 9.999999999999999799e-13 1.295673850475214661e-01 8.592182620585777503e-03 -7.850000000000000311e-01 1.789097277623374005e+00 -1.129086745009112713e-01 -7.850000000000000311e-01 1.028148525703933558e+00
-9.999999999999999799e-13 4.611992715989290947e-03 8.699999999999999400e-02 4.679666238178906701e-01 -2.355999999999999872e+00 -7.850000000000000311e-01 1.046999999999999931e+00 -1.014818951466136099e+00 9.999999999999999799e-13 1.207610760866534017e-01 4.855325705839647066e-02 -7.850000000000000311e-01 1.618050010229166169e+00 -1.485171042163342392e-01 -6.080690545420214255e-01 8.359286353707204853e-01
-9.999999999999999799e-13 1.205543721025736838e-03 8.699999999999999400e-02 -3.702341519146883086e-02 -2.355999999999999872e+00 -7.850000000000000311e-01 1.046999999999999931e+00 -1.506067877876798633e+00 9.999999999999999799e-13 1.095348502857511203e-01 8.699999999999999400e-02 -7.850000000000000311e-01 1.424415245546326148e+00 -1.998633540052901225e-01 -4.267099430349146072e-01 6.989261371717940818e-01
-9.999999999999999799e-13 7.384305897909989062e-04 8.699999999999999400e-02 -3.166438282624554623e-01 -2.355999999999999872e+00 -7.850000000000000311e-01 1.046999999999999931e+00 -1.872714115885138142e+00 9.999999999999999799e-13 9.799885853258039070e-02 8.699999999999999400e-02 -7.850000000000000311e-01 1.260521233677621034e+00 -2.351349799985718025e-01 -2.811307771814901546e-01 7.753097361517635733e-01
-9.999999999999999799e-13 1.565158450519894048e-03 8.699999999999999400e-02 -4.307954951743528937e-01 -2.282050603426747593e+00 -7.850000000000000311e-01 1.046999999999999931e+00 -2.149250845785156017e+00 9.999999999999999799e-13 8.457685852795632231e-02 8.699999999999999400e-02 -7.850000000000000311e-01 1.126417509755937907e+00 -2.457456931117116272e-01 -8.526518939519273088e-02 7.298228070573173909e-01
-9.999999999999999799e-13 2.743370683722910069e-03 8.699999999999999400e-02 -4.597649088812986728e-01 -2.099891046641445769e+00 -7.850000000000000311e-01 7.111741392197622469e-01 -2.279796066724897763e+00 9.999999999999999799e-13 7.091121428108536351e-02 8.699999999999999400e-02 -7.850000000000000311e-01 9.634681215590585879e-01 -2.541726458608684625e-01 1.755331562036475945e-01 5.449055162372893335e-01
-9.999999999999999799e-13 8.988600100517869437e-03 8.699999999999999400e-02 -4.387982126262381932e-01 -1.930447557302294115e+00 -5.106612380161212883e-01 -3.015364588189320960e-01 -2.355999999999999872e+00 9.999999999999999799e-13 7.737396699195257799e-02 8.699999999999999400e-02 -7.298100190846890101e-01 9.563924516859074743e-01 -2.352501249925945948e-01 6.020572423326514544e-01 0.000000000000000000e+00
-9.999999999999999799e-13 1.715494404244602769e-02 8.699999999999999400e-02 -3.650245761799889577e-01 -1.808654425925136700e+00 -2.777619423617320726e-01 -4.845091910791083922e-01 -2.318346117395837958e+00 9.999999999999999799e-13 8.685727486803521136e-02 8.699999999999999400e-02 -5.924302216875576566e-01 1.071860198446680457e+00 -1.872666245417722308e-01 7.313725416875378471e-01 0.000000000000000000e+00
-9.999999999999999799e-13 2.517913450048254315e-02 8.699999999999999400e-02 -2.137657730203773587e-01 -1.703856418360714109e+00 -2.046254133826559685e-01 -5.559640246032088173e-01 -2.095504978892259729e+00 9.999999999999999799e-13 8.818796466930479971e-02 8.699999999999999400e-02 -3.753697684651361444e-01 1.014606662702576045e+00 -1.446705101974649910e-01 7.850000000000000311e-01 0.000000000000000000e+00
-9.999999999999999799e-13 3.051866978498143229e-02 8.699999999999999400e-02 -1.286754987679063038e-02 -1.586149671017747842e+00 -1.515725652283169411e-01 -5.178961499687890768e-01 -1.952012780135276238e+00 9.999999999999999799e-13 7.135743376503328461e-02 8.699999999999999400e-02 -1.095063794097625859e-01 8.521377431870691410e-01 -1.249596395661408260e-01 7.850000000000000311e-01 0.000000000000000000e+00
9.999999999999999799e-13 2.582027714370456126e-02 8.699999999999999400e-02 1.893769719180133371e-01 -1.422582037675933719e+00 -1.065777476311883243e-01 -4.322539147393001380e-01 -1.828380242571830294e+00 9.999999999999999799e-13 4.459249471014373190e-02 8.699999999999999400e-02 1.983443964960950046e-01 5.783896365129752581e-01 -1.594805809752449510e-01 7.850000000000000311e-01 0.000000000000000000e+00
9.999999999999999799e-13 9.493329758862870116e-03 8.699999999999999400e-02 4.345613307935261016e-01 -1.449214007194026266e+00 -3.448423234923062575e-01 -4.176336166015070517e-01 -1.712712295656783290e+00 9.999999999999999799e-13 1.170027945296120593e-02 8.699999999999999400e-02 6.345420874742212503e-01 0.000000000000000000e+00 -2.079309804909945381e-01 7.850000000000000311e-01 0.000000000000000000e+00
9.999999999999999799e-13 -1.159169133070236252e-02 8.699999999999999400e-02 6.666207527852339165e-01 -1.473818905881104868e+00 1.123063287145137368e-02 -1.797682708423219700e-01 -1.767527488169106320e+00 -9.999999999999999799e-13 -1.685378444673503451e-02 8.699999999999999400e-02 7.576567477496438663e-01 0.000000000000000000e+00 -2.656573423128068545e-01 7.850000000000000311e-01 0.000000000000000000e+00
9.999999999999999799e-13 -3.247780563829214678e-02 8.699999999999999400e-02 9.052804323916681106e-01 -1.385186271357065735e+00 -2.952427689092487761e-02 1.594698583537674380e-02 -1.651939156117901319e+00 -9.999999999999999799e-13 -3.992159190706848909e-02 6.253885299157568856e-02 7.850000000000000311e-01 0.000000000000000000e+00 -3.204483731833522309e-01 7.850000000000000311e-01 0.000000000000000000e+00
9.999999999999999799e-13 -3.581783691489861393e-02 8.699999999999999400e-02 1.021997814869251453e+00 -1.130229024845252894e+00 -2.520197562027700830e-02 1.618361365950278796e-01 -1.435998502266025767e+00 -9.999999999999999799e-13 -5.586879727660259282e-02 4.430729593608496997e-02 7.850000000000000311e-01 0.000000000000000000e+00 -1.648306623286792949e-01 7.850000000000000311e-01 6.355381066846765847e-01
9.999999999999999799e-13 -2.877371443149627159e-02 8.699999999999999400e-02 9.882961304380202261e-01 -6.604894454993459618e-01 -5.918783689056722475e-02 3.574994014699796052e-01 -1.432929651968310125e+00 -9.999999999999999799e-13 -5.960376617177809422e-02 -7.018397407060852911e-02 7.768108788439317403e-01 5.795317839271323379e-01 -1.445279029735668519e-01 6.167660298967475585e-01 9.925594130669992410e-01
9.999999999999999799e-13 -3.367985929585154414e-02 8.699999999999999400e-02 8.184728528401352676e-01 0.000000000000000000e+00 -9.151010716796699473e-02 5.236807415039194114e-01 -1.455485514726655438e+00 -9.999999999999999799e-13 -5.533167399627378358e-02 -1.420967944780042458e-01 6.660582431319789221e-01 9.257951104020500921e-01 -1.396819715324836841e-01 4.313996234852701672e-01 1.257400370166760872e+00
9.999999999999999799e-13 -2.961745603485157335e-02 7.581325409475438148e-02 9.293053604605282514e-01 0.000000000000000000e+00 -1.006130570300279858e-01 7.395822453688207787e-01 -1.424041948186202333e+00 -9.999999999999999799e-13 -4.680865870610093765e-02 8.699999999999999400e-02 5.241432903529854581e-01 1.147295711839769083e+00 -1.321229927737906373e-01 2.423926282801588672e-01 1.444230759747643589e+00
9.999999999999999799e-13 -1.770418635474439728e-02 4.016734672774705667e-02 1.011075189828023024e+00 0.000000000000000000e+00 -1.157099808970730032e-01 9.236538116126445930e-01 -1.269482924384306877e+00 -9.999999999999999799e-13 -4.091306391188982011e-02 8.699999999999999400e-02 3.616103022042637116e-01 1.414783329212703222e+00 -1.299803409211774952e-01 3.799690323719524115e-02 1.565578043544965325e+00
9.999999999999999799e-13 -5.998495748640144190e-03 4.995838554896591538e-02 1.046516656793978983e+00 0.000000000000000000e+00 -1.268430241423582627e-01 9.995631173623626964e-01 -9.740161861980514146e-01 -9.999999999999999799e-13 -4.109168896416227901e-02 8.699999999999999400e-02 1.744426813415865252e-01 1.653032572580624304e+00 -1.284776400225345061e-01 -1.802489547958371630e-01 1.630222629204915563e+00
9.999999999999999799e-13 1.193279745225879138e-02 8.699999999999999400e-02 1.046999999999999931e+00 0.000000000000000000e+00 -1.260982709416909875e-01 9.080283266477252591e-01 -4.111475007315918972e-01 -9.999999999999999799e-13 -3.847034866204556564e-02 8.699999999999999400e-02 -3.675732937126496847e-02 1.838402366843016722e+00 -1.234052092225191716e-01 -4.011980173544762995e-01 1.642391967246908280e+00
9.999999999999999799e-13 3.330306509587740299e-02 8.699999999999999400e-02 1.003420674678232372e+00 0.000000000000000000e+00 -1.021752422162053586e-01 8.490332778065062813e-01 0.000000000000000000e+00 9.999999999999999799e-13 -2.840155886413750150e-02 8.699999999999999400e-02 -2.579790403019025513e-01 1.958872986345573608e+00 -1.103232564364482471e-01 -5.974973972822859025e-01 1.597152848669918690e+00
9.999999999999999799e-13 4.850353830951394801e-02 8.699999999999999400e-02 1.046999999999999931e+00 -8.011342402961663112e-01 -7.716142584971381890e-02 9.491354119926653787e-01 0.000000000000000000e+00 9.999999999999999799e-13 -1.134625006659295554e-02 8.699999999999999400e-02 -4.752806925538323179e-01 2.007809815784018070e+00 -8.991237921869733862e-02 -7.466584851959870983e-01 1.503482634879851787e+00
-9.999999999999999799e-13 6.782624950993643154e-02 8.699999999999999400e-02 1.046999999999999931e+00 -1.383972912664132693e+00 -7.568245113381127931e-02 1.016299522304920711e+00 0.000000000000000000e+00 9.999999999999999799e-13 1.333024514634257793e-02 -2.691055504298561774e-02 -6.705301096668545568e-01 2.023205765102471076e+00 -6.974412230616615360e-02 -7.850000000000000311e-01 1.382338727592440364e+00
-9.999999999999999799e-13 8.545112499724515087e-02 8.699999999999999400e-02 1.046999999999999931e+00 -1.829646200457043292e+00 -1.900175262153754041e-01 9.946366313197181341e-01 0.000000000000000000e+00 9.999999999999999799e-13 3.837504711474935826e-02 -3.870746717868943430e-04 -7.850000000000000311e-01 1.958590334555536216e+00 -4.186012138931389376e-02 -7.850000000000000311e-01 1.335596480946455777e+00
-9.999999999999999799e-13 7.716343072549740334e-02 8.699999999999999400e-02 1.046999999999999931e+00 -2.199252724360982292e+00 -2.387666619686511504e-01 1.027649906061189222e+00 -6.043479555757791388e-02 9.999999999999999799e-13 5.312939608439520844e-02 2.993765600053411788e-02 -7.850000000000000311e-01 1.851510343865476749e+00 -4.577107847193620516e-02 -7.850000000000000311e-01 1.237188529907620627e+00
-9.999999999999999799e-13 6.319125324860032367e-02 8.699999999999999400e-02 1.046999999999999931e+00 -2.355999999999999872e+00 -4.406704204840177774e-01 1.046999999999999931e+00 -9.776948914877987562e-01 9.999999999999999799e-13 6.282542837317925399e-02 6.024054534355645363e-02 -7.850000000000000311e-01 1.692463683080823955e+00 -5.412705871815863545e-02 -7.248842757132086811e-01 1.086245359776915720e+00
-9.999999999999999799e-13 5.070233320020189199e-02 8.699999999999999400e-02 6.728365685556655373e-01 -2.355999999999999872e+00 -5.372352136632289055e-01 1.046999999999999931e+00 -1.465766615517689608e+00 9.999999999999999799e-13 6.788996534699176522e-02 8.699999999999999400e-02 -7.850000000000000311e-01 1.482003446238771893e+00 -7.993236719764958143e-02 -5.545382396066127484e-01 8.917050437207674207e-01
-9.999999999999999799e-13 4.193676052583222846e-02 8.699999999999999400e-02 5.100502217715777165e-02 -2.355999999999999872e+00 -5.831839252292169151e-01 1.046999999999999931e+00 -1.876438619358852478e+00 9.999999999999999799e-13 7.083208992870555776e-02 8.699999999999999400e-02 -7.850000000000000311e-01 1.277333957041703272e+00 -1.103485357476760576e-01 -4.308674059936702383e-01 8.781057095818178837e-01
-9.999999999999999799e-13 3.520553861878946561e-02 8.699999999999999400e-02 -3.348327798115072751e-01 -2.355999999999999872e+00 -6.797318170265128634e-01 1.046999999999999931e+00 -2.146258871886178810e+00 9.999999999999999799e-13 7.023018704206049345e-02 8.699999999999999400e-02 -7.850000000000000311e-01 1.096431119475823834e+00 -1.362134170885304640e-01 -2.568381763194892975e-01 8.992015911112822835e-01
-9.999999999999999799e-13 2.890591102122819570e-02 8.699999999999999400e-02 -5.175058909287172382e-01 -2.294046908542127561e+00 -7.850000000000000311e-01 8.046876333031391937e-01 -2.256438878831098727e+00 9.999999999999999799e-13 6.298149861937646365e-02 8.699999999999999400e-02 -7.850000000000000311e-01 9.811839479179154111e-01 -1.494948988802458356e-01 -5.105906158538955214e-02 8.039425823636738855e-01
-9.999999999999999799e-13 2.498189471002167789e-02 8.699999999999999400e-02 -6.115185013098219935e-01 -2.082095866594563915e+00 -4.853258683767341375e-01 -1.487181558911226387e-01 -2.355999999999999872e+00 9.999999999999999799e-13 5.447529613613048827e-02 8.699999999999999400e-02 -7.727665291396034197e-01 8.167453310723260529e-01 -1.522553655266127293e-01 2.049906568871410484e-01 5.922359628239624030e-01
-9.999999999999999799e-13 2.649092175785020334e-02 8.699999999999999400e-02 -6.372536570074686102e-01 -1.911636479793976662e+00 -2.392517462997138800e-01 -5.045164625712427187e-01 -2.351104475356595280e+00 9.999999999999999799e-13 6.042227664841572088e-02 8.699999999999999400e-02 -7.024837848745392188e-01 9.179560820825392042e-01 -1.323680985795827325e-01 5.505232079832861336e-01 1.742194986766660847e-01
-9.999999999999999799e-13 3.317935607458945280e-02 8.699999999999999400e-02 -5.984664846745304523e-01 -1.781895012278919666e+00 -7.850000000000000311e-01 -7.850000000000000311e-01 -1.950703313284681606e+00 9.999999999999999799e-13 7.250072475108144954e-02 8.699999999999999400e-02 -5.662171548483524441e-01 1.031033109448966201e+00 -9.827575351783197910e-02 7.551553646530146935e-01 0.000000000000000000e+00
-9.999999999999999799e-13 3.919795503488991001e-02 8.699999999999999400e-02 -4.705723982090416202e-01 -1.705473305628593117e+00 -7.850000000000000311e-01 -7.850000000000000311e-01 -1.797668979153627333e+00 9.999999999999999799e-13 7.998081914689804395e-02 8.699999999999999400e-02 -3.493441585977864472e-01 9.574850885783163790e-01 -6.820946508606576253e-02 7.850000000000000311e-01 0.000000000000000000e+00
-9.999999999999999799e-13 4.306110996433794996e-02 8.699999999999999400e-02 -2.808590810226723189e-01 -1.634446160177411400e+00 -1.062245924653649476e-01 -7.556755892298341326e-01 -1.803104509622441398e+00 9.999999999999999799e-13 7.719095595591438097e-02 8.699999999999999400e-02 -6.518311837170544243e-02 7.618966184513809026e-01 -5.746992325012497543e-02 7.850000000000000311e-01 0.000000000000000000e+00
-9.999999999999999799e-13 3.609998153952997252e-02 8.699999999999999400e-02 -6.758256902615414341e-02 -1.505389293646373972e+00 -6.717715352353756386e-02 -6.828812484325168519e-01 -1.756787422561335354e+00 9.999999999999999799e-13 6.270968543447220933e-02 8.699999999999999400e-02 2.865094879863873678e-01 3.864365062387866701e-01 -8.080256410412253731e-02 7.850000000000000311e-01 0.000000000000000000e+00
9.999999999999999799e-13 1.806929385850316802e-02 8.699999999999999400e-02 1.253362774783594868e-01 -1.294742876331659964e+00 -4.073067710350719572e-01 -7.344193806498309218e-01 -1.731544386815395242e+00 9.999999999999999799e-13 4.185085064651964532e-02 8.699999999999999400e-02 6.137917155675092218e-01 0.000000000000000000e+00 -1.163147338601525360e-01 7.850000000000000311e-01 0.000000000000000000e+00
9.999999999999999799e-13 -2.707814600678714895e-03 8.699999999999999400e-02 3.688895166971434270e-01 -1.333839959807922249e+00 8.699999999999999400e-02 -4.141303882138321901e-01 -1.834809802604262075e+00 -9.999999999999999799e-13 1.907881204123726415e-02 8.699999999999999400e-02 7.285675520512201464e-01 0.000000000000000000e+00 -1.678308016476179054e-01 7.850000000000000311e-01 0.000000000000000000e+00
9.999999999999999799e-13 -2.514069809732315253e-02 8.699999999999999400e-02 5.903476183676823474e-01 -1.419240217837407059e+00 8.699999999999999400e-02 -1.781081118134586472e-01 -1.827167344704109908e+00 -9.999999999999999799e-13 -2.118807900570285341e-03 8.699999999999999400e-02 7.850000000000000311e-01 0.000000000000000000e+00 -1.393417342267607995e-01 7.850000000000000311e-01 4.471356754365647390e-01
9.999999999999999799e-13 -5.525686391943030601e-02 8.699999999999999400e-02 8.262852484697010835e-01 -1.409873818287849190e+00 -1.348042640947300693e-03 5.589932155042449252e-02 -1.678737953048686116e+00 -9.999999999999999799e-13 -1.416788656716556731e-02 8.699999999999999400e-02 7.850000000000000311e-01 0.000000000000000000e+00 4.390743320950846185e-02 7.143942056771813709e-01 8.705753800788436081e-01
9.999999999999999799e-13 -5.988885892545790096e-02 8.699999999999999400e-02 9.805869931975431664e-01 -1.238149268351170562e+00 -5.946452789876241311e-03 2.098989949992626225e-01 -1.413297029927160331e+00 -9.999999999999999799e-13 -1.846080516146930001e-02 8.699999999999999400e-02 7.850000000000000311e-01 0.000000000000000000e+00 8.699999999999999400e-02 6.080148721499375464e-01 1.131474815066010109e+00
9.999999999999999799e-13 -6.713805907967447528e-02 8.699999999999999400e-02 1.021883127185091444e+00 -9.218912171248696552e-01 -2.546173771679518388e-02 4.233162506286333726e-01 -1.479053558270312152e+00 -9.999999999999999799e-13 -1.779449102082769629e-02 -3.040102780878425892e-02 7.569249598034371029e-01 6.591208252544156210e-01 8.699999999999999400e-02 4.606920582453780666e-01 1.369468384916693537e+00
9.999999999999999799e-13 -8.503695510646686051e-02 8.699999999999999400e-02 8.972198664412333047e-01 -3.430331944688296275e-01 -4.326147572203218467e-02 5.745765468260619624e-01 -1.497583861190435073e+00 -9.999999999999999799e-13 -1.131825319768106457e-02 -8.710754074941443048e-02 6.031411058128454128e-01 1.004377908120248186e+00 8.699999999999999400e-02 2.867633240788782789e-01 1.574580811697767757e+00
9.999999999999999799e-13 -7.744020383783062345e-02 8.699999999999999400e-02 8.603016105484708742e-01 0.000000000000000000e+00 -5.059052363348079395e-02 7.915106955200624794e-01 -1.464807694931008264e+00 -9.999999999999999799e-13 3.651363660867151719e-03 -1.464681414538277493e-01 4.796170099362432881e-01 1.267846751690539620e+00 8.699999999999999400e-02 8.763995148239833721e-02 1.727978569375591356e+00
9.999999999999999799e-13 -6.958465552026518730e-02 8.699999999999999400e-02 9.582524106125294150e-01 0.000000000000000000e+00 -5.448078905843724978e-02 9.653143929199488049e-01 -1.323728854566068591e+00 -9.999999999999999799e-13 1.405735361968842717e-02 -1.970489542289430018e-01 3.388254461448387267e-01 1.503053999805248786e+00 -8.824262458842056789e-02 -1.512574294511051798e-01 1.748804434072756209e+00
9.999999999999999799e-13 -6.492725872603294368e-02 8.699999999999999400e-02 1.021944457955651808e+00 0.000000000000000000e+00 -5.458547741442501544e-02 1.046156977397234122e+00 -1.058920982369967234e+00 -9.999999999999999799e-13 2.183992032725311921e-02 8.699999999999999400e-02 1.219739568253661866e-01 1.633661331468438505e+00 -7.695427666502864528e-02 -3.796021989393648655e-01 1.783678589235356604e+00
9.999999999999999799e-13 -5.350437634891999639e-02 8.699999999999999400e-02 1.039950750954119263e+00 0.000000000000000000e+00 -4.837738086054752668e-02 1.003044226632451963e+00 -6.054605360307370177e-01 -9.999999999999999799e-13 3.073716958882200673e-02 8.699999999999999400e-02 -6.851351996855727100e-02 1.769897270090933894e+00 -6.628110042123340484e-02 -5.827153771366773150e-01 1.750979073794640684e+00
9.999999999999999799e-13 -3.568576602819208132e-02 8.699999999999999400e-02 1.023802834787977067e+00 0.000000000000000000e+00 -3.975377505008956258e-02 8.480496064537154099e-01 0.000000000000000000e+00 9.999999999999999799e-13 4.787765438470913126e-02 8.699999999999999400e-02 -2.632786337222006168e-01 1.845437290165475197e+00 -4.614235215354149655e-02 -7.288399817489767951e-01 1.652989784564772080e+00
9.999999999999999799e-13 -1.680200877148881403e-02 8.699999999999999400e-02 1.046999999999999931e+00 -5.307233923379417462e-01 -3.088917029870570652e-02 9.375436682158075907e-01 0.000000000000000000e+00 9.999999999999999799e-13 6.634755093786862123e-02 -7.570011886239044752e-02 -4.590614840438717037e-01 1.899032359974101247e+00 -3.207445075065767925e-02 -7.850000000000000311e-01 1.500116950167787344e+00
-9.999999999999999799e-13 6.666316895156867289e-04 8.699999999999999400e-02 1.046999999999999931e+00 -1.270351221254477636e+00 -5.498734611227820007e-02 9.796187280642385531e-01 0.000000000000000000e+00 9.999999999999999799e-13 8.607013549423706000e-02 -5.990272689665477462e-02 -6.521761859427244179e-01 1.876631269060904827e+00 -3.653679665427979339e-02 -7.850000000000000311e-01 1.329289858525238621e+00
-9.999999999999999799e-13 2.255752726131786054e-02 8.699999999999999400e-02 1.046999999999999931e+00 -1.757793126100683168e+00 -1.302195778771391699e-01 1.005960631566793717e+00 0.000000000000000000e+00 9.999999999999999799e-13 1.027282947739063534e-01 -3.122326545253737567e-02 -7.850000000000000311e-01 1.806730946410928240e+00 -5.288635441725063335e-02 -7.480279961920512921e-01 1.210978672531058287e+00
-9.999999999999999799e-13 3.121517448442470699e-02 8.699999999999999400e-02 1.046999999999999931e+00 -2.149063053278749358e+00 -3.706333623479881600e-01 1.046999999999999931e+00 -8.443110311518307043e-01 9.999999999999999799e-13 1.114472409479182330e-01 1.571368510862578005e-03 -7.850000000000000311e-01 1.686673316969534042e+00 -8.651558687097821165e-02 -6.216859491543478278e-01 1.034386593930486598e+00
-9.999999999999999799e-13 3.033478441338400416e-02 8.699999999999999400e-02 1.046999999999999931e+00 -2.355999999999999872e+00 -4.812988898132281035e-01 1.046999999999999931e+00 -1.409728669013569302e+00 9.999999999999999799e-13 1.122544790315843644e-01 4.681030464557430631e-02 -7.850000000000000311e-01 1.528758344608355024e+00 -1.240126950032254260e-01 -5.134135023131730646e-01 9.495718231309133728e-01
-9.999999999999999799e-13 2.567565880967865102e-02 8.699999999999999400e-02 5.959616442197438468e-01 -2.355999999999999872e+00 -5.589468426918474675e-01 1.046999999999999931e+00 -1.829112903363736109e+00 9.999999999999999799e-13 1.026255028775043820e-01 8.699999999999999400e-02 -7.850000000000000311e-01 1.341504064447870626e+00 -1.577710871960903427e-01 -3.655582196327289424e-01 9.519941702367091807e-01
-9.999999999999999799e-13 2.164881197465575932e-02 8.699999999999999400e-02 1.400953942700770838e-01 -2.355999999999999872e+00 -6.463006043352231833e-01 1.046999999999999931e+00 -2.102366182981207032e+00 9.999999999999999799e-13 8.726019478302227128e-02 8.699999999999999400e-02 -7.850000000000000311e-01 1.165940784526036111e+00 -1.847988229791624193e-01 -1.566831989397592662e-01 8.911570308563057097e-01
-9.999999999999999799e-13 1.762382117741454618e-02 8.699999999999999400e-02 -1.072632919220823655e-01 -2.280021221224872718e+00 -7.850000000000000311e-01 1.046999999999999931e+00 -2.224207247243556118e+00 9.999999999999999799e-13 6.241504090684522887e-02 8.699999999999999400e-02 -7.850000000000000311e-01 1.055981582578774614e+00 -2.016668108299388140e-01 8.935937867223987807e-02 7.022113247663481772e-01
-9.999999999999999799e-13 2.023100350274127310e-02 8.699999999999999400e-02 -2.462089291312339889e-01 -2.053901870408460617e+00 -5.328108587975854959e-01 3.911168605814750038e-02 -2.355999999999999872e+00 9.999999999999999799e-13 5.208880883011791224e-02 8.699999999999999400e-02 -7.850000000000000311e-01 9.241248164238022866e-01 -2.073367861730170125e-01 3.992509046344343004e-01 3.658473333125424887e-01
-9.999999999999999799e-13 2.590001765526111707e-02 8.699999999999999400e-02 -2.912774020164350386e-01 -1.873180324225385718e+00 -3.032380421744328425e-01 -3.562553502792440430e-01 -2.355999999999999872e+00 9.999999999999999799e-13 6.046745549104601269e-02 8.699999999999999400e-02 -7.479153261317467161e-01 1.011750752514918972e+00 -1.795152742766106813e-01 7.114339572316544791e-01 0.000000000000000000e+00
-9.999999999999999799e-13 3.844209841537449268e-02 8.699999999999999400e-02 -2.451117674031757510e-01 -1.749634917766986320e+00 -2.081831516320303832e-01 -4.967935708132208417e-01 -2.220883070441275642e+00 9.999999999999999799e-13 7.198204948608140363e-02 8.699999999999999400e-02 -6.220712916466119013e-01 1.131071897272170723e+00 -1.518318476102066827e-01 7.850000000000000311e-01 0.000000000000000000e+00
-9.999999999999999799e-13 4.311933139889385924e-02 8.699999999999999400e-02 -1.172567148993882147e-01 -1.652402371519505309e+00 -1.315044236225337004e-01 -5.246383790981211659e-01 -2.029488690250012439e+00 9.999999999999999799e-13 7.922036812681290674e-02 8.699999999999999400e-02 -4.333283274200013246e-01 1.112474562775658704e+00 -1.272094937325388697e-01 7.850000000000000311e-01 0.000000000000000000e+00
-9.999999999999999799e-13 3.821475542611748460e-02 8.699999999999999400e-02 5.858582352235545965e-02 -1.516621529563147774e+00 -2.750527657230673051e-01 -5.185277168322173225e-01 -1.868516372247079005e+00 9.999999999999999799e-13 7.271599356592922669e-02 8.699999999999999400e-02 -2.021065677640301594e-01 1.009149122105844398e+00 -1.298725979332054914e-01 7.850000000000000311e-01 0.000000000000000000e+00
9.999999999999999799e-13 2.938197079452927254e-02 8.699999999999999400e-02 2.666566561845911676e-01 -1.481203751295828930e+00 8.699999999999999400e-02 -4.124251557091478393e-01 -1.827173602664324825e+00 9.999999999999999799e-13 5.667932924470543699e-02 8.699999999999999400e-02 3.957580669278717989e-02 8.589063499489686393e-01 -1.607355109248905234e-01 7.850000000000000311e-01 0.000000000000000000e+00
9.999999999999999799e-13 9.092418738435451356e-03 8.699999999999999400e-02 4.625716114139672430e-01 -1.577077451507499006e+00 8.699999999999999400e-02 -3.054584448415688658e-01 -1.790162379082278932e+00 -9.999999999999999799e-13 3.650152203706366616e-02 8.699999999999999400e-02 2.740637444336464501e-01 6.762164520593003658e-01 -1.566564867097082481e-01 7.850000000000000311e-01 3.118232504100628688e-01
9.999999999999999799e-13 -2.536249058658932021e-02 8.699999999999999400e-02 6.834219163411705544e-01 -1.649776339089876309e+00 1.868930530720124298e-03 -9.772321270779382729e-02 -1.738051853100035515e+00 -9.999999999999999799e-13 2.072261875431729433e-02 7.450343633693733147e-02 5.261808614848914045e-01 4.179196209800846162e-01 -1.392837616402996526e-01 7.115032228543867188e-01 6.509388846478554314e-01
9.999999999999999799e-13 -4.622296715745256163e-02 8.699999999999999400e-02 9.168604632226177165e-01 -1.625678471074420095e+00 1.475884215510531866e-02 9.646094431152832382e-02 -1.620064371155372385e+00 -9.999999999999999799e-13 8.038482189766115588e-03 3.957612254524493778e-02 6.397804671137379273e-01 3.851615794814868821e-01 -1.382597932786422401e-01 5.694211098844085273e-01 9.383727557554255583e-01
9.999999999999999799e-13 -5.087719735105931257e-02 8.699999999999999400e-02 1.046999999999999931e+00 -1.493478258116291535e+00 -1.226137402473499206e-02 2.537156988081772369e-01 -1.537205408968359777e+00 -9.999999999999999799e-13 -1.240592529499244361e-03 1.795262908156146364e-02 6.484786171766463436e-01 4.985989970671074190e-01 -1.322175650527325219e-01 4.251836500572892530e-01 1.181425849315927756e+00
9.999999999999999799e-13 -6.246763401915646219e-02 8.699999999999999400e-02 1.046999999999999931e+00 -1.283542275069893712e+00 -9.415549230464077823e-02 3.896963415202439052e-01 -1.581727404634282408e+00 -9.999999999999999799e-13 -7.799573552093228522e-03 -6.639083732660087597e-04 5.644304055493204464e-01 7.565967040415522149e-01 -1.236048656147913788e-01 2.514644266878239831e-01 1.403893511904790614e+00
9.999999999999999799e-13 -8.132326834763764500e-02 8.699999999999999400e-02 1.046999999999999931e+00 -9.727675065310847913e-01 -1.313144172770354667e-01 5.669772463181343980e-01 -1.603810859900923091e+00 -9.999999999999999799e-13 -1.292028694831887960e-02 -1.876001088817379550e-02 4.563426096848951508e-01 1.009950721644194971e+00 -1.189189058359656770e-01 4.414381615227303685e-02 1.581964483956118883e+00
9.999999999999999799e-13 -7.406356412796565036e-02 5.702911087166124410e-02 1.020574213917523343e+00 -3.568489849621441223e-01 -1.712016450864117800e-01 7.225459278384027684e-01 -1.577949517836870541e+00 -9.999999999999999799e-13 -5.729772207000413502e-03 -1.608142462796223471e-01 3.455391223931658096e-01 1.278059565152315002e+00 -1.133130252590770354e-01 -1.959504767833262218e-01 1.713188140457485353e+00
9.999999999999999799e-13 -7.402225329175617097e-02 2.024109025700251280e-02 9.453968073095224689e-01 0.000000000000000000e+00 -1.751633909330041206e-01 8.942528905054436539e-01 -1.514124016969654818e+00 -9.999999999999999799e-13 -3.457118674431660169e-03 -2.114937334060148777e-01 2.250725962950260173e-01 1.496316044606359696e+00 -1.127852000442724351e-01 -4.291063379518221255e-01 1.759559411657453332e+00
9.999999999999999799e-13 -7.210924358062276163e-02 -2.912972968500293202e-03 1.007770369619580553e+00 0.000000000000000000e+00 -1.913411126383540994e-01 1.036709547218158001e+00 -1.338190591429263776e+00 -9.999999999999999799e-13 -3.143493317648962497e-03 -2.527208187103968662e-01 9.245092694770670749e-02 1.681344737256786459e+00 -1.079424638695760108e-01 -6.323613555591255375e-01 1.733245707147624159e+00
9.999999999999999799e-13 -6.152223997196471644e-02 -8.057865511882476720e-04 1.037652483008433490e+00 0.000000000000000000e+00 -2.131847684132767151e-01 1.046999999999999931e+00 -1.075775609419736156e+00 9.999999999999999799e-13 -1.944903432836974809e-03 8.699999999999999400e-02 -1.387381994178813194e-01 1.747523831800147143e+00 -9.841092719126330601e-02 -7.850000000000000311e-01 1.644650257168359886e+00
9.999999999999999799e-13 -4.331477602452869086e-02 5.084886300412528454e-02 1.046999999999999931e+00 0.000000000000000000e+00 -2.001818854957219396e-01 1.046999999999999931e+00 -7.172604285903281252e-01 9.999999999999999799e-13 6.187818965242108775e-03 -7.525472965609651677e-02 -3.303502625530374548e-01 1.850305706084007795e+00 -8.462905216968956423e-02 -7.850000000000000311e-01 1.495183664438125781e+00
-9.999999999999999799e-13 -2.301227504236328172e-02 8.699999999999999400e-02 1.046999999999999931e+00 -5.145542427520091167e-01 -1.803418980630765722e-01 8.379430281778833534e-01 0.000000000000000000e+00 9.999999999999999799e-13 1.968749734624433353e-02 -6.815476340967259461e-02 -5.363135829826191081e-01 1.878228274969605316e+00 -8.275471727011006473e-02 -7.850000000000000311e-01 1.287189052953413793e+00
-9.999999999999999799e-13 6.712080233981015595e-03 8.699999999999999400e-02 1.046999999999999931e+00 -1.247880916223296666e+00 -1.635179573806503084e-01 9.085578542874030994e-01 0.000000000000000000e+00 9.999999999999999799e-13 4.065503707529085492e-02 -3.889053154267963636e-02 -7.355349897240214263e-01 1.851191103694536544e+00 -7.648831296179783856e-02 -7.850000000000000311e-01 1.130601728945149098e+00
-9.999999999999999799e-13 3.786687248753744378e-02 8.699999999999999400e-02 1.046999999999999931e+00 -1.709790953817689640e+00 -1.777644796320251575e-01 1.046999999999999931e+00 -1.894486961356420807e-01 9.999999999999999799e-13 5.842083780762469258e-02 -2.921293629986444675e-03 -7.850000000000000311e-01 1.764202525437250202e+00 -7.035573897755569017e-02 -7.850000000000000311e-01 9.941037316992886730e-01
-9.999999999999999799e-13 5.760310340141538282e-02 8.699999999999999400e-02 1.046999999999999931e+00 -2.092275770561983883e+00 -3.205339844586406750e-01 1.046999999999999931e+00 -7.775530884680659227e-01 9.999999999999999799e-13 7.191325286010773199e-02 4.475001247109774288e-02 -7.850000000000000311e-01 1.614367110453051701e+00 -6.001823466063795076e-02 -7.192227441685264955e-01 8.798666413050426627e-01
-9.999999999999999799e-13 6.148653914273843196e-02 8.699999999999999400e-02 1.046999999999999931e+00 -2.355999999999999872e+00 -4.322061302627445145e-01 1.046999999999999931e+00 -1.258668372919375500e+00 9.999999999999999799e-13 7.261928896784648757e-02 8.699999999999999400e-02 -7.850000000000000311e-01 1.427337418042797346e+00 -8.142014658379057024e-02 -6.686201022949911366e-01 9.520104183848490109e-01
-9.999999999999999799e-13 5.454844510771048732e-02 8.699999999999999400e-02 7.355178628797657270e-01 -2.355999999999999872e+00 -5.043739227515231516e-01 1.046999999999999931e+00 -1.746699151901505154e+00 9.999999999999999799e-13 6.423121078414451013e-02 8.699999999999999400e-02 -7.850000000000000311e-01 1.245282792814592199e+00 -1.073082112243584768e-01 -5.815540312191027628e-01 1.053213387254384514e+00
-9.999999999999999799e-13 5.169375623045462803e-02 8.699999999999999400e-02 1.031410238770550103e-01 -2.355999999999999872e+00 -5.036469701054091530e-01 1.046999999999999931e+00 -2.161599962356538285e+00 9.999999999999999799e-13 5.107299327211890783e-02 8.699999999999999400e-02 -7.850000000000000311e-01 1.060836721986891718e+00 -1.463709746048857119e-01 -4.389996712326588724e-01 1.064376617245624601e+00
-9.999999999999999799e-13 4.526508178321070330e-02 8.699999999999999400e-02 -2.976302475257019409e-01 -2.355999999999999872e+00 -5.075545530051055465e-01 1.046999999999999931e+00 -2.355999999999999872e+00 9.999999999999999799e-13 4.107885576986295556e-02 8.699999999999999400e-02 -7.850000000000000311e-01 9.692976449355148461e-01 -1.814806612527123109e-01 -2.713634808194907433e-01 1.000629692152212868e+00
-9.999999999999999799e-13 4.086237193228420272e-02 8.699999999999999400e-02 -5.108397100861460371e-01 -2.199851251550504649e+00 -3.781421869911046896e-01 4.062629108242425957e-01 -2.355999999999999872e+00 9.999999999999999799e-13 4.773689370985072927e-02 8.699999999999999400e-02 -7.850000000000000311e-01 8.438292541925758172e-01 -1.937082202221049876e-01 -9.571310288305179270e-02 9.056340529463771105e-01
-9.999999999999999799e-13 3.839813646031309952e-02 8.699999999999999400e-02 -6.519991801595674819e-01 -2.018930734705534746e+00 -1.762919695644697693e-01 2.158505652272972586e-02 -2.355999999999999872e+00 9.999999999999999799e-13 6.440249796141921113e-02 8.699999999999999400e-02 -7.850000000000000311e-01 9.442149275361746419e-01 -1.793295420693856446e-01 6.598809527263896357e-02 8.360332029908255080e-01
-9.999999999999999799e-13 4.856549721277993170e-02 8.699999999999999400e-02 -7.409795780591853509e-01 -1.892245229419652119e+00 -1.205603819626434176e-01 -1.075764639932070554e-01 -2.196363193356333454e+00 9.999999999999999799e-13 8.253467722702408083e-02 8.699999999999999400e-02 -7.208055692131429826e-01 1.071285180257042668e+00 -1.609985107294318596e-01 2.268427146845076736e-01 7.507209633937943494e-01
-9.999999999999999799e-13 5.074293188973009322e-02 8.699999999999999400e-02 -7.507344553299271084e-01 -1.812125260917218483e+00 -1.223849647953822173e-01 -1.276217376638719425e-01 -1.967901498213704414e+00 9.999999999999999799e-13 8.241037577123015712e-02 8.699999999999999400e-02 -5.848340002095834267e-01 1.103343891444735547e+00 -1.386900324121799477e-01 4.409585166131234080e-01 5.255570282861432574e-01
-9.999999999999999799e-13 5.287022532866743341e-02 8.699999999999999400e-02 -6.794640466754661157e-01 -1.805220148775451783e+00 -1.185911828033101856e-01 -2.813120117387573477e-02 -1.763617809036183814e+00 9.999999999999999799e-13 6.042011371060083957e-02 8.699999999999999400e-02 -4.134085449663111866e-01 1.055824595196643401e+00 -1.263408992182628587e-01 7.850000000000000311e-01 0.000000000000000000e+00
-9.999999999999999799e-13 4.585204677112548338e-02 8.699999999999999400e-02 -5.469301794591833188e-01 -1.825176647648553363e+00 -1.284829865326712200e-02 1.492982371393699326e-01 -1.624465005304028153e+00 9.999999999999999799e-13 2.974858678932686129e-02 8.699999999999999400e-02 -2.224876042679216070e-01 9.706952092566076828e-01 -1.222964143230860917e-01 7.850000000000000311e-01 0.000000000000000000e+00
9.999999999999999799e-13 4.178495001622341970e-02 8.699999999999999400e-02 -3.779743546076795857e-01 -1.813139448487185668e+00 1.200074183914765467e-02 3.072959450753078858e-01 -1.480310364128438749e+00 9.999999999999999799e-13 4.619281185850503645e-03 8.699999999999999400e-02 -2.198226392893003547e-02 8.475869346817894723e-01 -1.470525733572232707e-01 7.850000000000000311e-01 0.000000000000000000e+00
9.999999999999999799e-13 3.848270021910862870e-02 8.699999999999999400e-02 -1.922031195804798920e-01 -1.747845985052940421e+00 1.978117283303156698e-03 4.876675047703942223e-01 -1.535676959717128476e+00 -9.999999999999999799e-13 -1.378597278639158430e-02 8.699999999999999400e-02 1.648964497722182343e-01 7.168880639476888916e-01 -1.812467543973825534e-01 7.850000000000000311e-01 0.000000000000000000e+00
9.999999999999999799e-13 4.143520050812311145e-02 8.699999999999999400e-02 -9.266807898022106499e-03 -1.638729589542799125e+00 -3.841571345986481006e-02 6.401361320108081010e-01 -1.555084475467645611e+00 -9.999999999999999799e-13 -2.710199942084499589e-02 8.699999999999999400e-02 3.412943014417824661e-01 5.904217342381539169e-01 -1.273512325954460345e-01 7.252236278576217332e-01 5.426667994809122320e-01
9.999999999999999799e-13 3.713971111466267405e-02 8.699999999999999400e-02 1.503257755832820286e-01 -1.478277133164564994e+00 -5.276469422956936439e-02 8.113009860791480232e-01 -1.566725447480296296e+00 -9.999999999999999799e-13 -3.985465083341704212e-02 8.699999999999999400e-02 4.345920819735811236e-01 6.090728259669546674e-01 -1.212907707735681323e-01 6.148196360454256659e-01 8.384360844744236374e-01
9.999999999999999799e-13 -6.671941416963450555e-02 8.699999999999999400e-02 9.462512559822984226e-01 0.000000000000000000e+00 -1.062670178818007627e-01 9.058547536566878833e-01 -1.116876425683864582e+00 -9.999999999999999799e-13 1.803838209102999468e-02 4.115024425335132158e-02 1.142116376465622252e-01 1.536116619478138823e+00 -8.173368279234966005e-02 -2.255767095115868703e-01 1.765041559214100886e+00
